14 0.062500 0.639648 0.125000 0.052734
16 0.253906 0.669922 0.507812 0.113281
17 0.244141 0.858398 0.488281 0.267578
6 0.064453 0.024414 0.128906 0.048828
5 0.296875 0.023438 0.421875 0.046875
7 0.983398 0.478516 0.029297 0.046875
4 0.347656 0.483398 0.156250 0.060547
8 0.303711 0.449219 0.072266 0.003906
0 0.176758 0.404297 0.154297 0.082031
15 0.751953 0.673828 0.492188 0.117188
9 0.730469 0.864258 0.535156 0.267578
23 0.870117 0.484375 0.162109 0.058594
19 0.719727 0.020508 0.419922 0.041016
24 0.949219 0.017578 0.097656 0.035156
1 0.984375 0.315430 0.027344 0.087891
20 0.345703 0.310547 0.156250 0.070312
21 0.172852 0.319336 0.150391 0.083984
3 0.519531 0.317383 0.160156 0.087891
2 0.873047 0.315430 0.164062 0.087891