14 0.592773 0.552734 0.064453 0.003906
15 0.506836 0.551758 0.111328 0.005859
16 0.588867 0.561523 0.048828 0.009766
5 0.512695 0.561523 0.115234 0.009766
17 0.735352 0.577148 0.322266 0.017578
7 0.629883 0.302734 0.142578 0.039062
4 0.473633 0.304688 0.177734 0.039062
8 0.682617 0.251953 0.236328 0.062500
9 0.458008 0.253906 0.224609 0.062500
11 0.459961 0.170898 0.248047 0.107422
12 0.548828 0.511719 0.097656 0.042969
0 0.792969 0.605469 0.410156 0.039062
23 0.455078 0.881836 0.910156 0.232422
18 0.209961 0.581055 0.033203 0.005859