14 0.917969 0.122070 0.160156 0.138672
16 0.056641 0.546875 0.113281 0.105469
17 0.068359 0.490234 0.093750 0.007812
6 0.057617 0.420898 0.115234 0.126953
5 0.953125 0.430664 0.089844 0.111328
7 0.814453 0.807617 0.367188 0.216797
4 0.773438 0.666992 0.039062 0.060547
8 0.401367 0.824219 0.802734 0.238281
11 0.324219 0.671875 0.281250 0.062500
0 0.119141 0.670898 0.207031 0.056641
15 0.773438 0.429688 0.222656 0.113281
12 0.261719 0.421875 0.246094 0.125000
23 0.771484 0.093750 0.453125 0.187500
19 0.107422 0.082031 0.214844 0.164062
24 0.899414 0.628906 0.162109 0.007812