14 0.577148 0.524414 0.103516 0.009766
15 0.455078 0.525391 0.152344 0.007812
16 0.581055 0.539062 0.095703 0.015625
5 0.464844 0.539062 0.164062 0.015625
17 0.611328 0.567383 0.121094 0.037109
7 0.621094 0.210938 0.195312 0.062500
4 0.415039 0.209961 0.232422 0.064453
8 0.664062 0.123047 0.261719 0.109375
9 0.391602 0.121094 0.314453 0.113281
11 0.374023 0.032227 0.369141 0.064453
0 0.507812 0.475586 0.109375 0.056641
23 0.221680 0.525391 0.044922 0.007812
18 0.381836 0.475586 0.005859 0.056641