14 0.420898 0.467773 0.044922 0.087891
15 0.448242 0.467773 0.099609 0.099609
16 0.429688 0.369141 0.027344 0.093750
5 0.370117 0.448242 0.017578 0.083984
17 0.420898 0.270508 0.044922 0.099609
6 0.241211 0.016602 0.013672 0.033203
7 0.315430 0.108398 0.048828 0.201172
4 0.373047 0.208984 0.011719 0.121094
8 0.465820 0.972656 0.931641 0.050781
9 0.947266 0.974609 0.101562 0.046875
11 0.818359 0.780273 0.359375 0.337891
12 0.461914 0.582031 0.248047 0.054688
13 0.648438 0.582031 0.152344 0.054688
0 0.490234 0.541992 0.156250 0.021484
2 0.495117 0.524414 0.111328 0.009766