14 0.408203 0.448242 0.042969 0.087891
15 0.434570 0.447266 0.095703 0.097656
16 0.003906 0.187500 0.007812 0.035156
5 0.413086 0.349609 0.033203 0.093750
17 0.359375 0.428711 0.019531 0.083984
6 0.407227 0.251953 0.044922 0.097656
7 0.236328 0.013672 0.007812 0.027344
4 0.304688 0.097656 0.046875 0.195312
8 0.357422 0.195312 0.019531 0.121094
9 0.462891 0.923828 0.925781 0.148438
11 0.402344 0.717773 0.804688 0.267578
12 0.805664 0.715820 0.384766 0.263672
13 0.448242 0.557617 0.236328 0.048828
0 0.777344 0.557617 0.441406 0.048828
1 0.476562 0.521484 0.152344 0.019531
2 0.580078 0.521484 0.082031 0.019531
3 0.480469 0.503906 0.109375 0.011719