14 0.309570 0.521484 0.158203 0.136719
16 0.310547 0.520508 0.156250 0.154297
17 0.308594 0.370117 0.160156 0.150391
6 0.079102 0.291992 0.158203 0.283203
5 0.937500 0.625977 0.113281 0.021484
7 0.782227 0.815430 0.431641 0.271484
4 0.744141 0.646484 0.382812 0.062500
8 0.308594 0.814453 0.617188 0.269531
11 0.301758 0.640625 0.462891 0.074219
0 0.786133 0.353516 0.228516 0.054688
15 0.529297 0.382812 0.242188 0.125000
9 0.930664 0.062500 0.134766 0.125000
12 0.760742 0.063477 0.447266 0.126953
10 0.379883 0.590820 0.306641 0.021484