14 0.980469 0.342773 0.031250 0.041016
15 0.148438 0.291016 0.125000 0.152344
16 0.244141 0.457031 0.015625 0.070312
5 0.240234 0.290039 0.011719 0.005859
17 0.960938 0.120117 0.074219 0.087891
6 0.955078 0.196289 0.085938 0.060547
7 0.960938 0.273438 0.074219 0.093750
4 0.026367 0.095703 0.052734 0.191406
8 0.147461 0.159180 0.123047 0.228516
9 0.263672 0.231445 0.058594 0.123047
11 0.111328 0.658203 0.222656 0.121094
12 0.461914 0.704102 0.923828 0.201172
13 0.154297 0.574219 0.230469 0.050781
0 0.571289 0.579102 0.306641 0.056641
1 0.268555 0.542969 0.060547 0.007812
2 0.576172 0.538086 0.187500 0.025391
3 0.409180 0.517578 0.009766 0.003906