14 0.451172 0.558594 0.046875 0.101562
15 0.483398 0.559570 0.107422 0.111328
16 0.459961 0.450195 0.033203 0.103516
5 0.395508 0.506836 0.021484 0.017578
17 0.455078 0.345703 0.046875 0.105469
6 0.241211 0.023438 0.025391 0.046875
7 0.334961 0.150391 0.060547 0.242188
4 0.402344 0.323242 0.011719 0.037109
8 0.444336 0.909180 0.888672 0.177734
9 0.876953 0.913086 0.242188 0.169922
11 0.781250 0.756836 0.277344 0.142578
12 0.541016 0.661133 0.195312 0.044922
13 0.801758 0.661133 0.392578 0.044922
0 0.537109 0.626953 0.128906 0.019531
1 0.731445 0.627930 0.287109 0.021484