14 0.953125 0.399414 0.089844 0.076172
15 0.082031 0.303711 0.136719 0.166016
16 0.997070 0.071289 0.001953 0.001953
5 0.964844 0.128906 0.066406 0.109375
17 0.954102 0.216797 0.087891 0.062500
6 0.953125 0.286133 0.089844 0.072266
7 0.083984 0.163086 0.140625 0.248047
4 0.199219 0.240234 0.035156 0.023438
8 0.499023 0.945312 0.998047 0.105469
9 0.065430 0.684570 0.130859 0.087891
11 0.106445 0.610352 0.212891 0.060547
12 0.537109 0.613281 0.335938 0.062500
13 0.204102 0.577148 0.041016 0.001953
0 0.543945 0.566406 0.197266 0.027344
2 0.541992 0.544922 0.142578 0.015625
3 0.993164 0.919922 0.009766 0.007812