14 0.707031 0.346680 0.273438 0.138672
15 0.499023 0.858398 0.998047 0.279297
16 0.546875 0.663086 0.539062 0.111328
5 0.534180 0.587891 0.283203 0.035156
17 0.959961 0.572266 0.029297 0.003906
7 0.856445 0.065430 0.158203 0.130859
4 0.696289 0.204102 0.251953 0.146484
8 0.130859 0.796875 0.007812 0.039062
9 0.405273 0.581055 0.025391 0.021484
10 0.299805 0.065430 0.240234 0.130859
11 0.434570 0.347656 0.267578 0.136719
12 0.423828 0.205078 0.289062 0.144531
0 0.272461 0.140625 0.009766 0.015625
23 0.616211 0.493164 0.099609 0.150391