14 0.683594 0.480469 0.046875 0.082031
16 0.689453 0.481445 0.058594 0.095703
17 0.032227 0.458008 0.064453 0.037109
6 0.662109 0.389648 0.089844 0.087891
5 0.000977 0.419922 0.001953 0.015625
7 0.012695 0.685547 0.025391 0.015625
4 0.336914 0.659180 0.673828 0.115234
8 0.456055 0.855469 0.912109 0.285156
11 0.791992 0.655273 0.412109 0.111328
0 0.342773 0.416016 0.162109 0.007812
15 0.490234 0.458984 0.097656 0.035156
12 0.545898 0.418945 0.115234 0.013672
23 0.664062 0.301758 0.089844 0.091797
24 0.521484 0.295898 0.164062 0.056641
1 0.693359 0.529297 0.066406 0.007812
3 0.404297 0.583008 0.355469 0.037109
2 0.759766 0.579102 0.410156 0.041016