14 0.012695 0.030273 0.025391 0.021484
16 0.793945 0.455078 0.091797 0.007812
17 0.791016 0.447266 0.085938 0.003906
6 0.121094 0.484375 0.132812 0.058594
5 0.794922 0.399414 0.093750 0.087891
7 0.120117 0.384766 0.134766 0.042969
4 0.176758 0.675781 0.353516 0.117188
8 0.161133 0.865234 0.322266 0.265625
11 0.662109 0.680664 0.671875 0.123047
0 0.899414 0.676758 0.197266 0.111328
15 0.484375 0.402344 0.144531 0.082031
9 0.649414 0.474609 0.150391 0.039062
23 0.205078 0.020508 0.410156 0.041016
24 0.796875 0.312500 0.093750 0.089844
1 0.121094 0.318359 0.140625 0.085938
3 0.651367 0.332031 0.150391 0.054688
2 0.191406 0.541992 0.003906 0.005859