14 0.578125 0.540039 0.140625 0.013672
15 0.579102 0.562500 0.138672 0.027344
16 0.941406 0.600586 0.113281 0.033203
5 0.754883 0.609375 0.486328 0.062500
17 0.834961 0.209961 0.263672 0.064453
6 0.630859 0.209961 0.246094 0.064453
7 0.877930 0.116211 0.240234 0.119141
4 0.683594 0.116211 0.347656 0.119141
8 0.904297 0.027344 0.085938 0.054688
9 0.703125 0.027344 0.382812 0.054688
11 0.620117 0.480469 0.115234 0.058594
0 0.757812 0.797852 0.480469 0.310547
23 0.278320 0.797852 0.529297 0.310547
18 0.467773 0.422852 0.052734 0.052734