14 0.193359 0.666016 0.386719 0.109375
16 0.160156 0.858398 0.320312 0.275391
17 0.196289 0.010742 0.392578 0.021484
6 0.939453 0.469727 0.097656 0.037109
5 0.941406 0.434570 0.097656 0.013672
7 0.257812 0.417969 0.136719 0.054688
4 0.091797 0.435547 0.160156 0.019531
8 0.662109 0.665039 0.671875 0.107422
11 0.566406 0.858398 0.863281 0.279297
0 0.617188 0.413086 0.144531 0.037109
15 0.812500 0.490234 0.125000 0.074219
9 0.798828 0.400391 0.152344 0.074219
22 0.890625 0.012695 0.207031 0.025391
23 0.943359 0.328125 0.097656 0.042969
24 0.454102 0.333008 0.146484 0.052734
1 0.796875 0.333984 0.160156 0.054688
3 0.598633 0.591797 0.357422 0.035156
2 0.853516 0.591797 0.289062 0.031250