14 0.041016 0.686523 0.082031 0.037109
16 0.104492 0.013672 0.208984 0.027344
17 0.847656 0.491211 0.042969 0.076172
5 0.204102 0.475586 0.154297 0.044922
4 0.875000 0.432617 0.097656 0.013672
8 0.190430 0.418945 0.126953 0.044922
11 0.047852 0.404297 0.095703 0.082031
13 0.333984 0.665039 0.667969 0.107422
0 0.423828 0.857422 0.847656 0.281250
15 0.822266 0.665039 0.351562 0.107422
9 0.834961 0.859375 0.326172 0.277344
24 0.800781 0.010742 0.394531 0.021484
1 0.876953 0.317383 0.097656 0.060547
3 0.376953 0.332031 0.160156 0.050781
2 0.729492 0.332031 0.162109 0.054688