14 0.415039 0.479492 0.052734 0.103516
15 0.447266 0.477539 0.117188 0.119141
16 0.422852 0.364258 0.041016 0.107422
5 0.363281 0.502930 0.015625 0.005859
17 0.417969 0.252930 0.050781 0.111328
6 0.250977 0.071289 0.111328 0.142578
7 0.361328 0.215820 0.019531 0.068359
4 0.481445 0.858398 0.962891 0.279297
8 0.900391 0.860352 0.195312 0.275391
9 0.449219 0.655273 0.449219 0.126953
11 0.496094 0.573242 0.210938 0.033203
12 0.634766 0.573242 0.121094 0.033203
0 0.590820 0.546875 0.064453 0.015625
1 0.906250 0.541992 0.179688 0.005859