14 0.072266 0.698242 0.144531 0.048828
16 0.271484 0.736328 0.542969 0.125000
17 0.270508 0.895508 0.541016 0.205078
6 0.770508 0.742188 0.455078 0.128906
5 0.769531 0.899414 0.457031 0.197266
7 0.078125 0.047852 0.156250 0.095703
4 0.309570 0.045898 0.462891 0.091797
8 0.770508 0.040039 0.455078 0.080078
11 0.544922 0.551758 0.164062 0.080078
13 0.536133 0.551758 0.150391 0.091797
0 0.544922 0.461914 0.164062 0.083984
15 0.367188 0.463867 0.160156 0.083984
22 0.544922 0.375977 0.164062 0.087891
23 0.368164 0.377930 0.158203 0.087891
1 0.441406 0.602539 0.203125 0.009766
3 0.647461 0.620117 0.205078 0.021484
2 0.754883 0.605469 0.029297 0.007812