14 0.945312 0.404297 0.105469 0.078125
15 0.070312 0.375000 0.027344 0.011719
16 0.990234 0.049805 0.015625 0.013672
5 0.977539 0.120117 0.041016 0.123047
17 0.976562 0.201172 0.042969 0.035156
7 0.969727 0.272461 0.033203 0.041016
4 0.045898 0.163086 0.072266 0.154297
8 0.499023 0.835938 0.998047 0.324219
9 0.066406 0.619141 0.101562 0.031250
11 0.506836 0.579102 0.212891 0.029297
13 0.502930 0.554688 0.150391 0.015625
0 0.933594 0.811523 0.128906 0.275391
1 0.849609 0.634766 0.296875 0.074219
2 0.752930 0.580078 0.130859 0.031250
3 0.645508 0.554688 0.154297 0.015625