14 0.221680 0.895508 0.443359 0.205078
15 0.595703 0.457031 0.125000 0.113281
16 0.594727 0.457031 0.126953 0.125000
5 0.586914 0.335938 0.107422 0.117188
17 0.278320 0.336914 0.220703 0.115234
6 0.247070 0.692383 0.494141 0.208984
7 0.079102 0.559570 0.146484 0.037109
4 0.255859 0.565430 0.500000 0.044922
8 0.180664 0.531250 0.126953 0.019531
9 0.345703 0.531250 0.332031 0.019531
10 0.146484 0.017578 0.042969 0.035156
11 0.323242 0.017578 0.365234 0.035156
12 0.215820 0.096680 0.107422 0.119141
0 0.697266 0.898438 0.601562 0.199219
23 0.813477 0.417969 0.130859 0.242188