14 0.011719 0.641602 0.019531 0.005859
16 0.210938 0.697266 0.421875 0.121094
17 0.198242 0.876953 0.396484 0.242188
6 0.012695 0.013672 0.025391 0.027344
5 0.217773 0.016602 0.431641 0.033203
7 0.952148 0.490234 0.091797 0.035156
8 0.219727 0.496094 0.044922 0.046875
11 0.218750 0.468750 0.046875 0.003906
13 0.952148 0.448242 0.091797 0.005859
0 0.279297 0.435547 0.164062 0.058594
15 0.115234 0.454102 0.128906 0.021484
9 0.699219 0.694336 0.597656 0.119141
22 0.840820 0.637695 0.013672 0.005859
23 0.632812 0.435547 0.156250 0.046875
24 0.859375 0.419922 0.058594 0.074219
1 0.646484 0.019531 0.429688 0.039062
3 0.277344 0.323242 0.160156 0.013672
2 0.096680 0.311523 0.162109 0.033203