14 0.848633 0.529297 0.052734 0.027344
15 0.829102 0.548828 0.013672 0.007812
16 0.903320 0.333008 0.017578 0.005859
5 0.476562 0.310547 0.312500 0.152344
17 0.192383 0.875977 0.384766 0.244141
7 0.337891 0.673828 0.234375 0.156250
4 0.689453 0.674805 0.605469 0.158203
8 0.420898 0.573242 0.107422 0.041016
9 0.583984 0.574219 0.253906 0.042969
10 0.349609 0.041992 0.246094 0.060547
11 0.656250 0.039062 0.371094 0.066406
12 0.856445 0.038086 0.119141 0.064453
0 0.475586 0.154297 0.314453 0.160156