14 0.623047 0.511719 0.085938 0.082031
16 0.628906 0.512695 0.097656 0.095703
17 0.013672 0.492188 0.027344 0.027344
6 0.624023 0.420898 0.087891 0.087891
5 0.253906 0.689453 0.507812 0.113281
7 0.269531 0.871094 0.539062 0.253906
4 0.746094 0.686523 0.503906 0.111328
8 0.753906 0.869141 0.488281 0.257812
11 0.310547 0.449219 0.148438 0.011719
0 0.537109 0.510742 0.058594 0.087891
15 0.506836 0.422852 0.115234 0.083984
9 0.047852 0.018555 0.095703 0.037109
12 0.280273 0.020508 0.427734 0.041016
23 0.624023 0.337891 0.087891 0.085938
1 0.595703 0.561523 0.175781 0.009766
2 0.682617 0.610352 0.384766 0.041016