14 0.557617 0.475586 0.072266 0.005859
15 0.470703 0.475586 0.109375 0.005859
16 0.561523 0.486328 0.064453 0.011719
5 0.434570 0.486328 0.205078 0.011719
17 0.702148 0.504883 0.322266 0.021484
7 0.612305 0.215820 0.181641 0.041016
4 0.436523 0.215820 0.181641 0.041016
8 0.655273 0.163086 0.251953 0.064453
9 0.421875 0.161133 0.234375 0.064453
11 0.392578 0.069336 0.335938 0.119141
12 0.507812 0.431641 0.097656 0.042969
0 0.779297 0.541016 0.437500 0.050781
23 0.489258 0.881836 0.978516 0.232422