14 0.577148 0.563477 0.083984 0.009766
15 0.481445 0.563477 0.119141 0.009766
16 0.582031 0.577148 0.074219 0.013672
5 0.430664 0.577148 0.248047 0.013672
17 0.601562 0.600586 0.085938 0.029297
7 0.633789 0.292969 0.197266 0.042969
4 0.443359 0.292969 0.195312 0.042969
8 0.672852 0.234375 0.259766 0.070312
9 0.427734 0.234375 0.253906 0.070312
11 0.398438 0.131836 0.363281 0.130859
12 0.521484 0.516602 0.101562 0.044922
0 0.780273 0.654297 0.392578 0.074219
23 0.383789 0.032227 0.416016 0.064453