16 0.878906 0.810547 0.238281 0.226562
17 0.831055 0.651367 0.333984 0.087891
6 0.499023 0.846680 0.998047 0.302734
5 0.520508 0.651367 0.470703 0.087891
7 0.833008 0.052734 0.330078 0.105469
4 0.497070 0.052734 0.435547 0.105469
8 0.635742 0.374023 0.251953 0.130859
11 0.890625 0.374023 0.214844 0.130859
0 0.191406 0.663086 0.222656 0.060547
15 0.363281 0.389648 0.250000 0.099609
23 0.810547 0.592773 0.351562 0.025391
19 0.889648 0.509766 0.216797 0.121094
1 0.634766 0.509766 0.250000 0.121094
20 0.635742 0.509766 0.251953 0.136719
21 0.364258 0.495117 0.248047 0.091797
2 0.108398 0.490234 0.216797 0.042969