14 0.909180 0.686523 0.177734 0.080078
16 0.706055 0.870117 0.583984 0.255859
17 0.727539 0.693359 0.541016 0.093750
6 0.227539 0.870117 0.455078 0.255859
5 0.330078 0.693359 0.281250 0.093750
7 0.907227 0.064453 0.181641 0.128906
4 0.695312 0.064453 0.460938 0.128906
8 0.235352 0.063477 0.470703 0.126953
11 0.477539 0.405273 0.259766 0.134766
0 0.195312 0.402344 0.257812 0.128906
15 0.019531 0.358398 0.039062 0.017578
23 0.339844 0.631836 0.273438 0.025391
1 0.488281 0.545898 0.238281 0.142578
20 0.195312 0.529297 0.257812 0.089844