14 0.265625 0.565430 0.203125 0.013672
15 0.281250 0.583008 0.234375 0.025391
16 0.290039 0.619141 0.318359 0.054688
5 0.247070 0.240234 0.244141 0.078125
17 0.106445 0.232422 0.095703 0.070312
6 0.230469 0.150391 0.339844 0.136719
7 0.054688 0.137695 0.101562 0.123047
4 0.231445 0.059570 0.412109 0.119141
8 0.030273 0.045898 0.052734 0.068359
9 0.214844 0.508789 0.101562 0.052734
11 0.612305 0.440430 0.033203 0.021484
0 0.056641 0.423828 0.019531 0.007812
1 0.612305 0.412109 0.033203 0.035156
2 0.022461 0.411133 0.037109 0.013672