14 0.183594 0.842773 0.367188 0.310547
15 0.544922 0.841797 0.906250 0.312500
5 0.509766 0.420898 0.195312 0.095703
17 0.396484 0.638672 0.093750 0.046875
7 0.430664 0.601562 0.029297 0.023438
4 0.585938 0.602539 0.140625 0.025391
8 0.480469 0.575195 0.050781 0.001953
9 0.561523 0.581055 0.111328 0.013672
10 0.275391 0.034180 0.378906 0.068359
11 0.647461 0.028320 0.380859 0.056641
12 0.320312 0.130859 0.343750 0.144531
0 0.387695 0.237305 0.236328 0.076172
1 0.606445 0.233398 0.224609 0.080078
2 0.965820 0.088867 0.064453 0.068359
3 0.777344 0.226562 0.074219 0.011719
23 0.991211 0.118164 0.013672 0.017578
19 0.004883 0.119141 0.009766 0.007812
20 0.341797 0.434570 0.125000 0.068359
21 0.354492 0.318359 0.107422 0.082031