14 0.791016 0.550781 0.238281 0.042969
15 0.741211 0.576172 0.091797 0.007812
16 0.909180 0.282227 0.001953 0.001953
5 0.291992 0.302734 0.369141 0.191406
17 0.561523 0.954102 0.873047 0.087891
7 0.558594 0.817383 0.878906 0.361328
4 0.220703 0.618164 0.144531 0.056641
8 0.427734 0.614258 0.312500 0.060547
9 0.950195 0.276367 0.005859 0.021484
10 0.183594 0.017578 0.222656 0.035156
11 0.495117 0.035156 0.400391 0.070312
12 0.762695 0.586914 0.048828 0.013672
0 0.734375 0.038086 0.171875 0.076172