14 0.938477 0.633789 0.099609 0.037109
16 0.931641 0.062500 0.132812 0.125000
17 0.074219 0.472656 0.117188 0.015625
6 0.072266 0.354492 0.117188 0.052734
5 0.968750 0.369141 0.046875 0.046875
7 0.787109 0.816406 0.421875 0.273438
4 0.777344 0.647461 0.441406 0.064453
8 0.321289 0.816406 0.642578 0.273438
11 0.324219 0.646484 0.402344 0.062500
0 0.799805 0.391602 0.240234 0.091797
15 0.537109 0.395508 0.242188 0.099609
23 0.108398 0.059570 0.216797 0.119141
20 0.536133 0.495117 0.240234 0.056641
21 0.275391 0.516602 0.238281 0.103516