14 0.876953 0.352539 0.195312 0.072266
15 0.485352 0.339844 0.259766 0.132812
16 0.210938 0.834961 0.421875 0.326172
5 0.637695 0.834961 0.720703 0.326172
17 0.379883 0.626953 0.166016 0.085938
7 0.434570 0.567383 0.083984 0.029297
4 0.569336 0.567383 0.208984 0.029297
8 0.291016 0.066406 0.371094 0.132812
9 0.640625 0.065430 0.347656 0.130859
10 0.878906 0.065430 0.238281 0.130859
11 0.797852 0.149414 0.033203 0.037109
12 0.482422 0.202148 0.265625 0.138672
0 0.235352 0.371094 0.119141 0.070312