14 0.387695 0.558594 0.236328 0.015625
15 0.276367 0.552734 0.013672 0.003906
16 0.406250 0.581055 0.273438 0.029297
5 0.086914 0.571289 0.005859 0.001953
17 0.413086 0.634766 0.404297 0.078125
6 0.375977 0.208008 0.263672 0.080078
7 0.217773 0.203125 0.130859 0.078125
4 0.353516 0.097656 0.378906 0.152344
8 0.135742 0.089844 0.212891 0.152344
9 0.353516 0.018555 0.402344 0.037109
11 0.340820 0.497070 0.119141 0.052734
0 0.155273 0.407227 0.033203 0.005859
1 0.775391 0.372070 0.023438 0.005859
2 0.147461 0.403320 0.025391 0.005859