14 0.948242 0.115234 0.099609 0.093750
16 0.089844 0.547852 0.179688 0.130859
17 0.089844 0.546875 0.179688 0.148438
6 0.090820 0.404297 0.181641 0.144531
5 0.990234 0.377930 0.015625 0.037109
7 0.818359 0.806641 0.359375 0.222656
4 0.789062 0.662109 0.046875 0.062500
8 0.369141 0.803711 0.738281 0.220703
11 0.352539 0.660156 0.240234 0.062500
0 0.137695 0.658203 0.275391 0.058594
15 0.836914 0.417969 0.240234 0.117188
9 0.576172 0.417969 0.238281 0.117188
12 0.310547 0.416016 0.214844 0.121094
23 0.386719 0.083984 0.453125 0.167969