14 0.941406 0.142578 0.113281 0.101562
16 0.071289 0.555664 0.142578 0.126953
17 0.071289 0.554688 0.142578 0.144531
6 0.071289 0.416016 0.142578 0.136719
5 0.964844 0.432617 0.066406 0.111328
7 0.851562 0.805664 0.292969 0.216797
4 0.841797 0.666992 0.039062 0.060547
8 0.477539 0.829102 0.955078 0.248047
11 0.383789 0.671875 0.302734 0.062500
0 0.129883 0.676758 0.259766 0.068359
15 0.798828 0.429688 0.218750 0.113281
9 0.549805 0.424805 0.232422 0.123047
12 0.290039 0.421875 0.248047 0.125000
23 0.788086 0.094727 0.419922 0.189453