14 0.958008 0.632812 0.080078 0.054688
16 0.783203 0.810547 0.429688 0.261719
17 0.783203 0.658203 0.429688 0.039062
6 0.925781 0.068359 0.144531 0.132812
5 0.768555 0.067383 0.458984 0.134766
7 0.789062 0.400391 0.234375 0.097656
4 0.965820 0.387695 0.064453 0.123047
8 0.326172 0.813477 0.652344 0.263672
11 0.351562 0.648438 0.390625 0.062500
0 0.093750 0.628906 0.187500 0.023438
15 0.530273 0.400391 0.240234 0.097656
19 0.964844 0.516602 0.066406 0.115234
1 0.788086 0.478516 0.232422 0.019531
20 0.529297 0.506836 0.238281 0.072266
21 0.270508 0.506836 0.240234 0.072266