14 0.241211 0.838867 0.482422 0.318359
15 0.595703 0.484375 0.105469 0.097656
16 0.595703 0.485352 0.105469 0.107422
5 0.583984 0.378906 0.082031 0.101562
17 0.318359 0.379883 0.203125 0.099609
6 0.374023 0.634766 0.271484 0.089844
4 0.377930 0.572266 0.283203 0.031250
8 0.257812 0.546875 0.097656 0.015625
9 0.386719 0.547852 0.273438 0.013672
10 0.136719 0.073242 0.210938 0.138672
11 0.322266 0.070312 0.394531 0.140625
12 0.199219 0.183594 0.230469 0.082031
0 0.688477 0.839844 0.599609 0.316406
18 0.602539 0.176758 0.162109 0.087891