14 0.182617 0.656250 0.076172 0.082031
16 0.024414 0.772461 0.048828 0.087891
17 0.148438 0.023438 0.296875 0.046875
6 0.920898 0.492188 0.099609 0.082031
5 0.950195 0.491211 0.033203 0.091797
7 0.252930 0.491211 0.154297 0.076172
4 0.197266 0.490234 0.046875 0.085938
8 0.921875 0.402344 0.097656 0.082031
11 0.252930 0.404297 0.154297 0.082031
0 0.479492 0.675781 0.638672 0.117188
15 0.499023 0.864258 0.998047 0.267578
9 0.879883 0.677734 0.236328 0.117188
12 0.900391 0.833008 0.195312 0.193359
23 0.774414 0.479492 0.162109 0.048828
19 0.487305 0.020508 0.419922 0.041016
24 0.842773 0.017578 0.310547 0.035156
1 0.924805 0.313477 0.099609 0.091797
20 0.250977 0.318359 0.158203 0.085938
21 0.079102 0.311523 0.150391 0.068359
3 0.423828 0.317383 0.160156 0.087891
2 0.776367 0.315430 0.162109 0.087891