16 0.198242 0.611328 0.396484 0.117188
17 0.150391 0.833984 0.300781 0.328125
6 0.651367 0.613281 0.693359 0.117188
5 0.518555 0.834961 0.958984 0.326172
7 0.457031 0.430664 0.156250 0.080078
4 0.452148 0.429688 0.150391 0.089844
8 0.456055 0.339844 0.158203 0.085938
11 0.280273 0.339844 0.166016 0.085938
13 0.907227 0.602539 0.181641 0.095703
0 0.801758 0.368164 0.064453 0.017578
15 0.984375 0.331055 0.027344 0.072266
22 0.651367 0.261719 0.150391 0.066406
23 0.963867 0.257812 0.068359 0.062500
1 0.308594 0.498047 0.281250 0.019531
3 0.079102 0.530273 0.158203 0.041016
2 0.221680 0.531250 0.423828 0.042969