14 0.600586 0.573242 0.150391 0.017578
15 0.432617 0.574219 0.205078 0.015625
16 0.702148 0.600586 0.326172 0.033203
5 0.446289 0.601562 0.232422 0.035156
17 0.664062 0.666992 0.199219 0.095703
6 0.317383 0.668945 0.634766 0.099609
7 0.657227 0.214844 0.263672 0.078125
4 0.404297 0.212891 0.261719 0.078125
8 0.734375 0.099609 0.390625 0.152344
9 0.363281 0.095703 0.398438 0.156250
11 0.359375 0.010742 0.414062 0.021484
12 0.504883 0.508789 0.119141 0.052734
0 0.012695 0.361328 0.025391 0.042969
23 0.358398 0.508789 0.029297 0.052734
18 0.196289 0.093750 0.099609 0.152344