14 0.942383 0.768555 0.111328 0.044922
16 0.788086 0.921875 0.419922 0.152344
17 0.773438 0.794922 0.449219 0.097656
6 0.310547 0.920898 0.621094 0.154297
5 0.326172 0.794922 0.500000 0.097656
7 0.930664 0.196289 0.134766 0.123047
4 0.784180 0.033203 0.427734 0.066406
8 0.772461 0.163086 0.451172 0.189453
11 0.296875 0.034180 0.562500 0.068359
0 0.539062 0.510742 0.250000 0.126953
15 0.809570 0.509766 0.251953 0.128906
19 0.908203 0.732422 0.179688 0.027344
20 0.815430 0.646484 0.255859 0.125000
21 0.815430 0.646484 0.255859 0.140625
2 0.540039 0.646484 0.255859 0.140625