14 0.878906 0.507812 0.175781 0.007812
15 0.464844 0.322266 0.296875 0.144531
16 0.170898 0.844727 0.341797 0.306641
5 0.539062 0.844727 0.917969 0.306641
17 0.321289 0.636719 0.228516 0.105469
7 0.415039 0.567383 0.091797 0.029297
4 0.554688 0.568359 0.234375 0.031250
8 0.319336 0.049805 0.287109 0.099609
9 0.639648 0.048828 0.376953 0.097656
10 0.803711 0.046875 0.068359 0.093750
11 0.464844 0.173828 0.296875 0.152344
12 0.167969 0.318359 0.292969 0.105469
0 0.018555 0.324219 0.001953 0.003906