14 0.185547 0.818359 0.371094 0.359375
15 0.521484 0.817383 0.953125 0.361328
5 0.511719 0.373047 0.195312 0.097656
17 0.399414 0.590820 0.091797 0.044922
7 0.432617 0.554688 0.029297 0.023438
4 0.588867 0.555664 0.138672 0.025391
8 0.482422 0.528320 0.050781 0.001953
9 0.567383 0.534180 0.119141 0.013672
10 0.264648 0.003906 0.263672 0.007812
11 0.317383 0.074219 0.353516 0.148438
12 0.641602 0.071289 0.345703 0.142578
0 0.611328 0.180664 0.230469 0.083984
1 0.972656 0.038086 0.050781 0.052734
2 0.785156 0.173828 0.078125 0.011719
3 0.509766 0.273438 0.199219 0.101562
23 0.342773 0.386719 0.126953 0.070312
19 0.354492 0.268555 0.107422 0.083984
20 0.329102 0.473633 0.158203 0.087891
21 0.386719 0.425781 0.031250 0.003906