14 0.408203 0.497070 0.058594 0.119141
15 0.443359 0.498047 0.128906 0.128906
16 0.419922 0.371094 0.039062 0.121094
5 0.344727 0.434570 0.029297 0.017578
17 0.411133 0.245117 0.056641 0.126953
6 0.253906 0.062500 0.039062 0.066406
7 0.343750 0.196289 0.027344 0.083984
4 0.499023 0.835938 0.837891 0.324219
8 0.827148 0.835938 0.341797 0.324219
9 0.503906 0.633789 0.296875 0.076172
11 0.511719 0.580078 0.160156 0.031250
12 0.749023 0.580078 0.361328 0.031250
0 0.795898 0.024414 0.404297 0.048828
1 0.482422 0.115234 0.218750 0.128906