14 0.387695 0.581055 0.154297 0.138672
16 0.387695 0.581055 0.154297 0.154297
17 0.388672 0.433594 0.152344 0.148438
6 0.132812 0.311523 0.234375 0.349609
5 0.976562 0.675781 0.042969 0.011719
7 0.837891 0.879883 0.320312 0.236328
4 0.808594 0.699219 0.378906 0.066406
8 0.389648 0.858398 0.779297 0.263672
11 0.399414 0.698242 0.470703 0.068359
0 0.606445 0.446289 0.244141 0.123047
15 0.982422 0.139648 0.031250 0.029297
9 0.806641 0.096680 0.382812 0.193359
12 0.364258 0.007812 0.404297 0.015625
23 0.959961 0.664062 0.076172 0.007812
10 0.786133 0.657227 0.318359 0.021484