14 0.072266 0.433594 0.023438 0.003906
15 0.097656 0.500977 0.195312 0.173828
16 0.053711 0.379883 0.107422 0.076172
5 0.499023 0.930664 0.998047 0.134766
17 0.499023 0.754883 0.783203 0.220703
7 0.450195 0.616211 0.392578 0.052734
4 0.880859 0.718750 0.234375 0.148438
8 0.797852 0.616211 0.400391 0.052734
9 0.154297 0.049805 0.101562 0.099609
11 0.741211 0.050781 0.291016 0.101562
0 0.596680 0.342773 0.322266 0.154297
1 0.596680 0.182617 0.322266 0.162109
2 0.271484 0.342773 0.324219 0.154297
3 0.303711 0.182617 0.259766 0.162109