14 0.276367 0.321289 0.501953 0.259766
16 0.783203 0.595703 0.429688 0.250000
17 0.787109 0.594727 0.421875 0.283203
6 0.783203 0.320312 0.429688 0.261719
5 0.783203 0.094727 0.429688 0.189453
7 0.120117 0.831055 0.240234 0.189453
4 0.039062 0.961914 0.078125 0.072266
8 0.540039 0.833984 0.916016 0.195312
11 0.503906 0.962891 0.988281 0.070312
13 0.932617 0.803711 0.130859 0.130859
0 0.146484 0.003906 0.234375 0.007812
15 0.509766 0.001953 0.035156 0.003906
9 0.276367 0.595703 0.501953 0.246094
12 0.294922 0.593750 0.464844 0.281250