14 0.943359 0.401367 0.109375 0.083984
15 0.044922 0.370117 0.031250 0.017578
16 0.990234 0.163086 0.015625 0.029297
5 0.989258 0.191406 0.017578 0.023438
17 0.990234 0.244141 0.015625 0.007812
6 0.989258 0.264648 0.017578 0.029297
7 0.036133 0.163086 0.072266 0.076172
4 0.499023 0.838867 0.998047 0.318359
8 0.043945 0.625000 0.087891 0.027344
9 0.499023 0.638672 0.396484 0.078125
11 0.504883 0.581055 0.220703 0.033203
0 0.948242 0.815430 0.099609 0.271484
1 0.819336 0.638672 0.357422 0.078125
2 0.755859 0.581055 0.132812 0.033203
3 0.643555 0.554688 0.154297 0.015625