14 0.541992 0.496094 0.021484 0.046875
15 0.527344 0.496094 0.050781 0.054688
16 0.679688 0.499023 0.046875 0.126953
5 0.654297 0.440430 0.007812 0.001953
17 0.541992 0.441406 0.021484 0.050781
6 0.679688 0.288086 0.046875 0.056641
7 0.626953 0.385742 0.023438 0.115234
4 0.958008 0.040039 0.080078 0.080078
8 0.541992 0.387695 0.021484 0.052734
9 0.679688 0.209961 0.046875 0.193359
11 0.794922 0.115234 0.128906 0.230469
12 0.933594 0.016602 0.031250 0.033203
13 0.140625 0.385742 0.085938 0.052734
0 0.546875 0.549805 0.148438 0.009766
1 0.437500 0.549805 0.070312 0.009766
2 0.554688 0.567383 0.171875 0.021484