14 0.454102 0.562500 0.197266 0.011719
15 0.469727 0.581055 0.228516 0.021484
16 0.150391 0.581055 0.015625 0.005859
5 0.481445 0.617188 0.314453 0.050781
17 0.435547 0.245117 0.234375 0.064453
6 0.303711 0.244141 0.087891 0.062500
7 0.422852 0.158203 0.322266 0.113281
4 0.247070 0.156250 0.099609 0.109375
8 0.422852 0.052734 0.388672 0.105469
9 0.200195 0.068359 0.115234 0.062500
11 0.395508 0.507812 0.111328 0.058594
0 0.499023 0.920898 0.998047 0.154297
1 0.260742 0.427734 0.021484 0.007812
2 0.808594 0.404297 0.039062 0.039062
19 0.835938 0.577148 0.031250 0.005859
20 0.657227 0.562500 0.240234 0.011719