14 0.420898 0.490234 0.048828 0.097656
15 0.451172 0.489258 0.109375 0.111328
16 0.429688 0.382812 0.035156 0.101562
5 0.370117 0.468750 0.021484 0.093750
17 0.422852 0.279297 0.048828 0.101562
6 0.289062 0.097656 0.078125 0.195312
7 0.370117 0.252930 0.021484 0.056641
4 0.468750 0.837891 0.937500 0.320312
8 0.853516 0.837891 0.289062 0.320312
9 0.457031 0.632812 0.339844 0.085938
11 0.497070 0.575195 0.185547 0.029297
12 0.621094 0.575195 0.105469 0.029297
13 0.501953 0.552734 0.125000 0.011719
0 0.584961 0.552734 0.056641 0.011719
2 0.445312 0.066406 0.277344 0.132812