14 0.219727 0.541016 0.212891 0.015625
15 0.236328 0.559570 0.242188 0.025391
16 0.243164 0.596680 0.326172 0.056641
5 0.197266 0.208984 0.253906 0.082031
17 0.050781 0.197266 0.101562 0.074219
6 0.177734 0.115234 0.355469 0.148438
7 0.023438 0.103516 0.046875 0.117188
4 0.186523 0.042969 0.373047 0.085938
8 0.162109 0.485352 0.113281 0.052734
9 0.156250 0.484375 0.125000 0.062500
11 0.306641 0.715820 0.613281 0.208984
0 0.568359 0.388672 0.031250 0.035156
1 0.160156 0.365234 0.117188 0.062500
2 0.511719 0.534180 0.031250 0.005859