14 0.900391 0.557617 0.164062 0.009766
15 0.603516 0.557617 0.097656 0.009766
16 0.908203 0.574219 0.179688 0.019531
5 0.707031 0.574219 0.292969 0.019531
17 0.931641 0.599609 0.132812 0.027344
6 0.757812 0.608398 0.480469 0.044922
7 0.835938 0.230469 0.089844 0.066406
4 0.627930 0.231445 0.228516 0.068359
8 0.916992 0.173828 0.017578 0.019531
9 0.676758 0.134766 0.326172 0.125000
11 0.694336 0.036133 0.357422 0.072266
23 0.450195 0.555664 0.017578 0.005859
18 0.475586 0.505859 0.052734 0.050781