14 0.156250 0.461914 0.093750 0.072266
15 0.155273 0.422852 0.091797 0.013672
16 0.157227 0.391602 0.095703 0.060547
5 0.972656 0.356445 0.007812 0.009766
17 0.041992 0.444336 0.083984 0.041016
7 0.074219 0.351562 0.015625 0.003906
4 0.148438 0.224609 0.062500 0.046875
8 0.077148 0.189453 0.009766 0.015625
9 0.499023 0.827148 0.998047 0.341797
11 0.508789 0.619141 0.361328 0.070312
0 0.874023 0.717773 0.248047 0.123047
1 0.915039 0.619141 0.166016 0.070312
2 0.711914 0.568359 0.255859 0.027344
3 0.180664 0.023438 0.134766 0.046875