14 0.495117 0.530273 0.083984 0.080078
16 0.498047 0.532227 0.089844 0.095703
17 0.497070 0.440430 0.083984 0.087891
6 0.859375 0.211914 0.277344 0.423828
5 0.132812 0.710938 0.265625 0.117188
7 0.062500 0.821289 0.125000 0.103516
4 0.479492 0.708008 0.701172 0.119141
8 0.499023 0.875977 0.998047 0.244141
11 0.197266 0.435547 0.125000 0.074219
0 0.365234 0.529297 0.148438 0.089844
15 0.357422 0.440430 0.164062 0.083984
9 0.133789 0.030273 0.267578 0.060547
12 0.470703 0.038086 0.445312 0.076172
1 0.269531 0.597656 0.144531 0.019531
2 0.153320 0.634766 0.306641 0.039062