14 0.917969 0.337891 0.089844 0.031250
15 0.487305 0.342773 0.251953 0.130859
16 0.213867 0.830078 0.427734 0.335938
5 0.637695 0.830078 0.720703 0.335938
17 0.394531 0.620117 0.136719 0.080078
7 0.442383 0.564453 0.068359 0.027344
4 0.567383 0.565430 0.201172 0.029297
8 0.995117 0.324219 0.005859 0.027344
9 0.306641 0.069336 0.339844 0.138672
10 0.624023 0.069336 0.314453 0.138672
11 0.873047 0.068359 0.234375 0.136719
12 0.789062 0.157227 0.027344 0.037109
0 0.102539 0.565430 0.009766 0.005859