14 0.023438 0.616211 0.019531 0.005859
16 0.214844 0.666016 0.429688 0.109375
17 0.191406 0.858398 0.382812 0.275391
6 0.015625 0.009766 0.031250 0.019531
5 0.220703 0.010742 0.414062 0.021484
7 0.949219 0.470703 0.085938 0.035156
4 0.221680 0.475586 0.033203 0.044922
8 0.220703 0.449219 0.035156 0.003906
11 0.950195 0.429688 0.083984 0.003906
13 0.285156 0.417969 0.160156 0.054688
0 0.123047 0.435547 0.128906 0.019531
15 0.692383 0.665039 0.611328 0.107422
9 0.632812 0.858398 0.730469 0.279297
22 0.634766 0.416992 0.152344 0.044922
23 0.845703 0.475586 0.089844 0.044922
24 0.910156 0.012695 0.175781 0.025391
1 0.952148 0.328125 0.083984 0.042969
3 0.461914 0.333008 0.162109 0.052734
2 0.812500 0.333984 0.160156 0.054688