14 0.030273 0.620117 0.060547 0.017578
16 0.211914 0.666992 0.423828 0.111328
17 0.174805 0.859375 0.349609 0.277344
6 0.614258 0.668945 0.525391 0.111328
5 0.582031 0.861328 0.832031 0.273438
7 0.024414 0.031250 0.048828 0.042969
4 0.210938 0.026367 0.421875 0.052734
8 0.623047 0.023438 0.421875 0.046875
11 0.475586 0.490234 0.150391 0.078125
13 0.470703 0.490234 0.144531 0.085938
0 0.475586 0.404297 0.150391 0.082031
15 0.307617 0.404297 0.154297 0.082031
22 0.976562 0.391602 0.042969 0.060547
23 0.903320 0.020508 0.189453 0.041016
1 0.962891 0.316406 0.070312 0.085938
20 0.195312 0.539062 0.214844 0.007812
3 0.378906 0.540039 0.195312 0.009766
2 0.336914 0.556641 0.263672 0.023438