14 0.681641 0.478516 0.078125 0.082031
16 0.687500 0.480469 0.089844 0.097656
17 0.041992 0.456055 0.083984 0.033203
5 0.682617 0.386719 0.080078 0.089844
7 0.008789 0.417969 0.009766 0.015625
4 0.312500 0.655273 0.625000 0.111328
8 0.383789 0.854492 0.767578 0.287109
11 0.791016 0.655273 0.414062 0.111328
0 0.356445 0.416016 0.158203 0.011719
15 0.533203 0.478516 0.160156 0.078125
12 0.556641 0.420898 0.113281 0.021484
23 0.039062 0.303711 0.078125 0.037109
1 0.677734 0.528320 0.128906 0.009766
3 0.383789 0.580078 0.369141 0.035156
2 0.756836 0.577148 0.404297 0.041016