14 0.046875 0.688477 0.093750 0.041016
16 0.114258 0.014648 0.208984 0.029297
17 0.857422 0.491211 0.042969 0.076172
5 0.213867 0.463867 0.154297 0.021484
4 0.884766 0.432617 0.097656 0.013672
8 0.200195 0.418945 0.126953 0.044922
11 0.052734 0.404297 0.105469 0.082031
13 0.337891 0.664062 0.675781 0.109375
0 0.427734 0.856445 0.855469 0.283203
15 0.826172 0.666992 0.343750 0.107422
9 0.838867 0.859375 0.318359 0.277344
24 0.804688 0.010742 0.386719 0.021484
1 0.886719 0.315430 0.097656 0.060547
3 0.385742 0.332031 0.158203 0.050781
2 0.739258 0.332031 0.162109 0.054688