14 0.875000 0.386719 0.246094 0.027344
15 0.773438 0.378906 0.062500 0.019531
16 0.869141 0.420898 0.257812 0.060547
5 0.560547 0.399414 0.367188 0.017578
17 0.795898 0.527344 0.404297 0.183594
6 0.242188 0.452148 0.250000 0.087891
7 0.898438 0.308594 0.160156 0.066406
4 0.898438 0.307617 0.160156 0.076172
8 0.175781 0.075195 0.128906 0.056641
9 0.343750 0.110352 0.128906 0.041016
11 0.112305 0.503906 0.166016 0.050781
0 0.342773 0.104492 0.130859 0.044922
23 0.984375 0.307617 0.027344 0.076172
19 0.994141 0.151367 0.007812 0.080078
20 0.989258 0.230469 0.017578 0.074219
21 0.903320 0.368164 0.189453 0.017578