14 0.647461 0.569336 0.248047 0.013672
15 0.445312 0.569336 0.175781 0.013672
16 0.661133 0.590820 0.251953 0.025391
5 0.378906 0.591797 0.347656 0.027344
17 0.749023 0.637695 0.384766 0.064453
7 0.644531 0.238281 0.242188 0.066406
4 0.409180 0.237305 0.248047 0.068359
8 0.707031 0.144531 0.343750 0.121094
9 0.380859 0.141602 0.347656 0.123047
11 0.369141 0.041992 0.398438 0.080078
12 0.504883 0.509766 0.115234 0.050781
0 0.173828 0.398438 0.007812 0.003906
23 0.003906 0.676758 0.007812 0.001953
18 0.284180 0.218750 0.021484 0.031250