14 0.150391 0.461914 0.097656 0.072266
15 0.147461 0.421875 0.091797 0.015625
16 0.151367 0.388672 0.099609 0.062500
5 0.983398 0.352539 0.009766 0.009766
17 0.038086 0.443359 0.076172 0.039062
7 0.069336 0.349609 0.013672 0.003906
4 0.136719 0.216797 0.054688 0.039062
8 0.056641 0.158203 0.035156 0.035156
9 0.499023 0.830078 0.998047 0.335938
11 0.508789 0.623047 0.376953 0.074219
0 0.879883 0.730469 0.236328 0.136719
1 0.832031 0.623047 0.332031 0.074219
2 0.717773 0.569336 0.263672 0.029297
3 0.175781 0.018555 0.121094 0.037109