14 0.921875 0.127930 0.152344 0.126953
16 0.059570 0.555664 0.119141 0.123047
17 0.059570 0.554688 0.119141 0.136719
6 0.060547 0.420898 0.121094 0.126953
5 0.955078 0.432617 0.085938 0.111328
7 0.825195 0.807617 0.345703 0.216797
4 0.791016 0.666992 0.042969 0.060547
8 0.424805 0.826172 0.849609 0.242188
11 0.338867 0.671875 0.291016 0.062500
0 0.116211 0.675781 0.232422 0.066406
15 0.778320 0.429688 0.220703 0.113281
9 0.528320 0.426758 0.236328 0.119141
12 0.267578 0.421875 0.246094 0.125000
23 0.774414 0.093750 0.447266 0.187500
19 0.112305 0.081055 0.224609 0.162109