14 0.143555 0.459961 0.091797 0.076172
15 0.141602 0.418945 0.087891 0.013672
16 0.144531 0.384766 0.093750 0.062500
5 0.989258 0.344727 0.001953 0.013672
17 0.029297 0.440430 0.058594 0.041016
7 0.046875 0.340820 0.019531 0.005859
4 0.111328 0.193359 0.027344 0.019531
8 0.027344 0.126953 0.054688 0.058594
9 0.499023 0.836914 0.998047 0.322266
11 0.509766 0.631836 0.410156 0.083984
0 0.894531 0.718750 0.207031 0.085938
1 0.836914 0.632812 0.322266 0.082031
2 0.691406 0.569336 0.203125 0.025391
3 0.179688 0.005859 0.121094 0.011719