14 0.678711 0.478516 0.072266 0.082031
16 0.684570 0.480469 0.083984 0.097656
17 0.037109 0.456055 0.074219 0.033203
5 0.669922 0.386719 0.089844 0.089844
7 0.004883 0.417969 0.009766 0.015625
8 0.324219 0.656250 0.648438 0.113281
11 0.416016 0.855469 0.832031 0.285156
0 0.825195 0.854492 0.345703 0.287109
15 0.351562 0.416016 0.156250 0.011719
9 0.484375 0.457031 0.074219 0.035156
12 0.529297 0.417969 0.164062 0.015625
23 0.035156 0.303711 0.070312 0.037109
1 0.690430 0.528320 0.095703 0.009766
3 0.392578 0.580078 0.363281 0.035156
2 0.759766 0.577148 0.410156 0.041016