14 0.048828 0.656250 0.097656 0.035156
16 0.264648 0.697266 0.529297 0.121094
17 0.291992 0.876953 0.583984 0.242188
6 0.049805 0.013672 0.099609 0.027344
5 0.292969 0.016602 0.429688 0.033203
7 0.971680 0.492188 0.052734 0.035156
8 0.293945 0.496094 0.130859 0.046875
11 0.270508 0.468750 0.087891 0.003906
13 0.968750 0.416016 0.058594 0.066406
0 0.310547 0.435547 0.164062 0.058594
15 0.129883 0.422852 0.166016 0.083984
23 0.671875 0.436523 0.144531 0.048828
24 0.837891 0.448242 0.148438 0.009766
1 0.723633 0.019531 0.431641 0.039062
3 0.309570 0.323242 0.162109 0.013672
2 0.128906 0.334961 0.164062 0.087891