14 0.262695 0.565430 0.205078 0.013672
15 0.278320 0.583008 0.236328 0.025391
16 0.288086 0.619141 0.318359 0.054688
5 0.245117 0.240234 0.244141 0.078125
17 0.103516 0.230469 0.097656 0.070312
6 0.228516 0.150391 0.339844 0.136719
7 0.050781 0.136719 0.101562 0.121094
4 0.228516 0.059570 0.414062 0.119141
8 0.027344 0.045898 0.054688 0.068359
9 0.211914 0.508789 0.103516 0.052734
11 0.610352 0.440430 0.033203 0.021484
0 0.047852 0.421875 0.021484 0.007812
1 0.610352 0.412109 0.033203 0.035156
2 0.017578 0.410156 0.031250 0.011719