14 0.626953 0.554688 0.191406 0.011719
15 0.468750 0.554688 0.136719 0.011719
16 0.584961 0.571289 0.087891 0.017578
5 0.410156 0.571289 0.289062 0.017578
17 0.611328 0.601562 0.105469 0.039062
7 0.637695 0.258789 0.212891 0.052734
4 0.430664 0.258789 0.216797 0.052734
8 0.686523 0.187500 0.291016 0.089844
9 0.409180 0.185547 0.291016 0.089844
11 0.377930 0.070312 0.408203 0.140625
12 0.514648 0.502930 0.107422 0.048828
0 0.912109 0.436523 0.035156 0.025391
23 0.265625 0.572266 0.050781 0.015625
18 0.212891 0.069336 0.093750 0.138672