14 0.546875 0.495117 0.023438 0.052734
15 0.530273 0.495117 0.056641 0.060547
16 0.101562 0.470703 0.105469 0.003906
5 0.101562 0.465820 0.105469 0.001953
17 0.740234 0.497070 0.089844 0.173828
6 0.712891 0.501953 0.035156 0.175781
7 0.546875 0.434570 0.023438 0.056641
4 0.741211 0.234375 0.087891 0.140625
8 0.656250 0.359375 0.035156 0.148438
9 0.546875 0.375977 0.023438 0.056641
11 0.656250 0.237305 0.035156 0.166016
12 0.879883 0.060547 0.111328 0.121094
13 0.117188 0.375000 0.093750 0.058594
0 0.561523 0.559570 0.189453 0.017578
22 0.598633 0.649414 0.314453 0.091797