14 0.032227 0.623047 0.064453 0.019531
16 0.227539 0.667969 0.455078 0.109375
17 0.213867 0.860352 0.427734 0.275391
6 0.714844 0.666992 0.566406 0.107422
5 0.680664 0.860352 0.634766 0.275391
7 0.028320 0.008789 0.056641 0.017578
4 0.249023 0.009766 0.412109 0.019531
8 0.661133 0.010742 0.412109 0.021484
11 0.475586 0.492188 0.162109 0.078125
13 0.466797 0.492188 0.148438 0.089844
0 0.475586 0.404297 0.162109 0.082031
15 0.297852 0.404297 0.162109 0.082031
22 0.924805 0.011719 0.146484 0.023438
23 0.474609 0.317383 0.164062 0.087891
1 0.181641 0.542969 0.222656 0.007812
3 0.334961 0.559570 0.271484 0.021484
2 0.564453 0.542969 0.179688 0.007812