14 0.969727 0.704102 0.056641 0.021484
16 0.898438 0.661133 0.199219 0.060547
17 0.708008 0.801758 0.580078 0.216797
6 0.866211 0.666016 0.134766 0.050781
5 0.885742 0.085938 0.224609 0.171875
7 0.686523 0.085938 0.455078 0.171875
4 0.727539 0.417969 0.232422 0.121094
8 0.932617 0.417969 0.130859 0.121094
11 0.223633 0.802734 0.447266 0.218750
0 0.057617 0.650391 0.025391 0.035156
15 0.471680 0.420898 0.236328 0.115234
19 0.897461 0.621094 0.201172 0.015625
1 0.293945 0.625977 0.255859 0.009766
20 0.093750 0.625977 0.187500 0.009766
21 0.933594 0.545898 0.128906 0.115234