14 0.989258 0.335938 0.017578 0.039062
15 0.161133 0.286133 0.123047 0.150391
16 0.255859 0.451172 0.015625 0.070312
5 0.251953 0.286133 0.011719 0.005859
17 0.967773 0.118164 0.060547 0.076172
6 0.961914 0.187500 0.072266 0.062500
7 0.967773 0.266602 0.060547 0.095703
4 0.033203 0.096680 0.066406 0.193359
8 0.159180 0.154297 0.123047 0.226562
9 0.273438 0.225586 0.058594 0.123047
11 0.117188 0.655273 0.234375 0.126953
12 0.467773 0.699219 0.935547 0.203125
13 0.166992 0.567383 0.228516 0.048828
0 0.582031 0.573242 0.304688 0.056641
1 0.280273 0.537109 0.060547 0.007812
2 0.586914 0.532227 0.185547 0.025391
3 0.419922 0.512695 0.007812 0.001953