14 0.068359 0.446289 0.128906 0.013672
15 0.109375 0.509766 0.210938 0.164062
16 0.069336 0.395508 0.130859 0.083984
5 0.499023 0.889648 0.998047 0.216797
17 0.497070 0.709961 0.583984 0.142578
7 0.456055 0.615234 0.345703 0.042969
4 0.969727 0.889648 0.056641 0.052734
8 0.848633 0.645508 0.197266 0.017578
9 0.766602 0.615234 0.361328 0.042969
11 0.413086 0.073242 0.416016 0.146484
0 0.831055 0.222656 0.193359 0.144531
1 0.584961 0.366211 0.294922 0.142578
2 0.584961 0.221680 0.294922 0.146484
3 0.286133 0.366211 0.298828 0.142578