14 0.437500 0.528320 0.046875 0.095703
15 0.469727 0.528320 0.099609 0.107422
16 0.450195 0.423828 0.025391 0.097656
5 0.387695 0.478516 0.021484 0.015625
17 0.440430 0.322266 0.044922 0.101562
6 0.241211 0.026367 0.029297 0.052734
7 0.329102 0.146484 0.052734 0.214844
4 0.391602 0.259766 0.013672 0.128906
8 0.448242 0.873047 0.896484 0.250000
9 0.849609 0.875000 0.296875 0.246094
11 0.723633 0.696289 0.216797 0.107422
12 0.521484 0.622070 0.179688 0.037109
13 0.777344 0.622070 0.386719 0.037109
0 0.519531 0.592773 0.121094 0.017578