14 0.647461 0.468750 0.232422 0.203125
16 0.646484 0.256836 0.230469 0.232422
5 0.224609 0.280273 0.152344 0.185547
17 0.243164 0.821289 0.486328 0.353516
6 0.009766 0.589844 0.019531 0.015625
7 0.254883 0.612305 0.486328 0.060547
8 0.709961 0.821289 0.576172 0.353516
9 0.609375 0.612305 0.242188 0.060547
10 0.899414 0.435547 0.197266 0.402344
11 0.800781 0.327148 0.035156 0.013672
12 0.643555 0.091797 0.224609 0.183594
0 0.203125 0.479492 0.195312 0.181641
23 0.414062 0.477539 0.230469 0.205078