14 0.990234 0.637695 0.011719 0.001953
16 0.970703 0.185547 0.054688 0.035156
17 0.112305 0.565430 0.189453 0.150391
6 0.113281 0.564453 0.187500 0.167969
5 0.115234 0.405273 0.187500 0.162109
7 0.986328 0.393555 0.007812 0.025391
4 0.949219 0.752930 0.097656 0.044922
8 0.689453 0.651367 0.046875 0.017578
11 0.624023 0.842773 0.748047 0.271484
0 0.161133 0.856445 0.322266 0.275391
15 0.174805 0.686523 0.349609 0.076172
9 0.854492 0.432617 0.208984 0.115234
12 0.614258 0.428711 0.228516 0.123047
23 0.902344 0.008789 0.191406 0.017578
10 0.834961 0.101562 0.326172 0.195312