14 0.597656 0.509766 0.070312 0.003906
15 0.505859 0.508789 0.117188 0.005859
16 0.600586 0.518555 0.064453 0.009766
5 0.512695 0.518555 0.123047 0.009766
17 0.752930 0.536133 0.349609 0.021484
7 0.638672 0.247070 0.152344 0.044922
4 0.476562 0.247070 0.179688 0.044922
8 0.668945 0.187500 0.201172 0.070312
9 0.454102 0.189453 0.244141 0.070312
11 0.423828 0.091797 0.339844 0.128906
12 0.549805 0.467773 0.099609 0.044922
0 0.796875 0.570312 0.402344 0.046875
23 0.484375 0.902344 0.968750 0.191406