14 0.590820 0.452148 0.138672 0.126953
15 0.590820 0.450195 0.138672 0.146484
16 0.590820 0.316406 0.138672 0.128906
5 0.226562 0.315430 0.257812 0.126953
17 0.239258 0.807617 0.478516 0.380859
6 0.061523 0.556641 0.083984 0.015625
7 0.256836 0.583008 0.474609 0.068359
4 0.083984 0.535156 0.101562 0.023438
8 0.306641 0.536133 0.382812 0.025391
10 0.130859 0.068359 0.187500 0.089844
11 0.324219 0.056641 0.347656 0.113281
12 0.700195 0.808594 0.595703 0.378906
0 0.553711 0.536133 0.115234 0.025391
23 0.583984 0.181641 0.125000 0.136719