14 0.183594 0.827148 0.367188 0.341797
15 0.530273 0.827148 0.935547 0.341797
16 0.750000 0.532227 0.015625 0.001953
5 0.509766 0.391602 0.195312 0.095703
17 0.396484 0.610352 0.093750 0.044922
7 0.429688 0.574219 0.031250 0.023438
4 0.583984 0.573242 0.140625 0.025391
8 0.479492 0.547852 0.048828 0.001953
9 0.560547 0.552734 0.113281 0.011719
10 0.289062 0.016602 0.351562 0.033203
11 0.642578 0.010742 0.359375 0.021484
12 0.318359 0.096680 0.347656 0.146484
0 0.385742 0.207031 0.240234 0.078125
1 0.608398 0.202148 0.228516 0.080078
2 0.969727 0.057617 0.056641 0.060547
3 0.780273 0.195312 0.076172 0.011719
23 0.995117 0.086914 0.005859 0.009766
19 0.001953 0.087891 0.003906 0.003906
20 0.342773 0.406250 0.126953 0.070312
21 0.354492 0.288086 0.107422 0.083984