14 0.257812 0.840820 0.515625 0.314453
15 0.670898 0.846680 0.654297 0.302734
16 0.862305 0.576172 0.021484 0.003906
5 0.852539 0.582031 0.001953 0.003906
7 0.277344 0.659180 0.554688 0.068359
4 0.684570 0.664062 0.330078 0.074219
8 0.537109 0.611328 0.070312 0.027344
9 0.653320 0.612305 0.189453 0.029297
10 0.557617 0.588867 0.044922 0.013672
11 0.640625 0.589844 0.132812 0.015625
12 0.348633 0.047852 0.412109 0.095703
0 0.432617 0.149414 0.275391 0.138672
1 0.743164 0.132812 0.373047 0.156250
2 0.482422 0.250977 0.195312 0.076172
3 0.701172 0.241211 0.257812 0.083984
23 0.971680 0.025391 0.052734 0.050781
24 0.962891 0.234375 0.019531 0.019531