14 0.026367 0.314453 0.041016 0.011719
15 0.620117 0.563477 0.025391 0.052734
16 0.603516 0.562500 0.058594 0.062500
5 0.812500 0.552734 0.085938 0.179688
17 0.791992 0.555664 0.041016 0.177734
6 0.619141 0.502930 0.023438 0.056641
7 0.786133 0.354492 0.037109 0.009766
4 0.727539 0.422852 0.037109 0.146484
8 0.619141 0.444336 0.023438 0.056641
9 0.804688 0.185547 0.085938 0.265625
11 0.939453 0.089844 0.117188 0.179688
12 0.214844 0.448242 0.078125 0.056641
13 0.635742 0.623047 0.193359 0.015625
0 0.412109 0.622070 0.257812 0.013672
22 0.265625 0.696289 0.531250 0.076172
23 0.728516 0.867188 0.539062 0.261719