14 0.066406 0.446289 0.128906 0.013672
15 0.108398 0.509766 0.212891 0.167969
16 0.068359 0.394531 0.132812 0.082031
5 0.499023 0.890625 0.998047 0.214844
17 0.495117 0.711914 0.591797 0.146484
7 0.452148 0.615234 0.345703 0.042969
4 0.972656 0.895508 0.050781 0.052734
8 0.833984 0.667969 0.238281 0.058594
9 0.770508 0.615234 0.369141 0.042969
11 0.413086 0.072266 0.416016 0.144531
0 0.833984 0.221680 0.199219 0.146484
1 0.584961 0.366211 0.294922 0.142578
2 0.584961 0.220703 0.294922 0.148438
3 0.286133 0.366211 0.298828 0.142578