14 0.964844 0.399414 0.062500 0.080078
15 0.077148 0.308594 0.126953 0.160156
16 0.175781 0.481445 0.007812 0.072266
17 0.981445 0.073242 0.033203 0.029297
6 0.948242 0.141602 0.099609 0.103516
7 0.931641 0.225586 0.132812 0.060547
4 0.992188 0.250977 0.011719 0.005859
8 0.934570 0.300781 0.126953 0.089844
9 0.076172 0.166992 0.125000 0.232422
11 0.499023 0.924805 0.998047 0.146484
12 0.071289 0.678711 0.142578 0.087891
13 0.457031 0.750000 0.914062 0.226562
0 0.104492 0.606445 0.208984 0.056641
1 0.522461 0.608398 0.318359 0.056641
2 0.208984 0.573242 0.046875 0.005859
3 0.529297 0.565430 0.191406 0.025391