14 0.056641 0.501953 0.039062 0.011719
15 0.642578 0.751953 0.027344 0.058594
16 0.625000 0.751953 0.062500 0.066406
5 0.838867 0.744141 0.087891 0.195312
17 0.819336 0.747070 0.033203 0.193359
6 0.640625 0.687500 0.027344 0.058594
7 0.800781 0.538086 0.039062 0.009766
4 0.748047 0.606445 0.042969 0.146484
8 0.637695 0.626953 0.025391 0.058594
9 0.807617 0.381836 0.083984 0.244141
11 0.928711 0.186523 0.138672 0.373047
12 0.230469 0.631836 0.082031 0.056641
13 0.662109 0.818359 0.203125 0.015625
0 0.423828 0.816406 0.273438 0.015625
22 0.275391 0.900391 0.550781 0.089844
23 0.754883 0.972656 0.455078 0.050781