14 0.578125 0.526367 0.117188 0.009766
15 0.444336 0.526367 0.166016 0.009766
16 0.583984 0.541992 0.105469 0.017578
5 0.456055 0.541992 0.177734 0.017578
17 0.619141 0.575195 0.140625 0.044922
7 0.619141 0.195312 0.199219 0.070312
4 0.404297 0.194336 0.246094 0.072266
8 0.673828 0.095703 0.289062 0.128906
9 0.373047 0.092773 0.347656 0.130859
11 0.366211 0.014648 0.369141 0.029297
12 0.925781 0.502930 0.046875 0.001953
0 0.501953 0.474609 0.113281 0.058594
23 0.182617 0.527344 0.037109 0.007812
18 0.369141 0.474609 0.015625 0.058594