14 0.652344 0.589844 0.246094 0.027344
15 0.383789 0.589844 0.322266 0.027344
16 0.660156 0.634766 0.222656 0.062500
5 0.404297 0.636719 0.367188 0.062500
17 0.794922 0.815430 0.406250 0.294922
6 0.395508 0.820312 0.791016 0.304688
7 0.690430 0.153320 0.322266 0.115234
4 0.375977 0.150391 0.337891 0.117188
8 0.731445 0.062500 0.369141 0.070312
9 0.357422 0.056641 0.398438 0.074219
11 0.505859 0.509766 0.132812 0.066406
12 0.896484 0.980469 0.203125 0.035156
0 0.244141 0.587891 0.066406 0.019531
23 0.175781 0.054688 0.054688 0.070312