14 0.396484 0.477539 0.058594 0.111328
15 0.430664 0.473633 0.126953 0.130859
16 0.402344 0.353516 0.050781 0.117188
5 0.329102 0.503906 0.037109 0.007812
17 0.402344 0.232422 0.050781 0.121094
6 0.244141 0.050781 0.050781 0.085938
7 0.327148 0.179688 0.041016 0.089844
4 0.336914 0.916992 0.673828 0.162109
8 0.996094 0.838867 0.003906 0.001953
9 0.427734 0.722656 0.714844 0.226562
11 0.483398 0.584961 0.251953 0.044922
12 0.645508 0.584961 0.150391 0.044922
0 0.587891 0.550781 0.074219 0.019531
1 0.914062 0.545898 0.167969 0.009766