14 0.300781 0.572266 0.164062 0.136719
16 0.301758 0.571289 0.162109 0.154297
17 0.302734 0.423828 0.164062 0.148438
6 0.070312 0.346680 0.140625 0.263672
5 0.882812 0.670898 0.066406 0.025391
7 0.734375 0.855469 0.527344 0.265625
4 0.714844 0.690430 0.402344 0.068359
8 0.250977 0.847656 0.501953 0.257812
11 0.273438 0.687500 0.496094 0.066406
0 0.791016 0.434570 0.246094 0.126953
15 0.525391 0.436523 0.242188 0.123047
9 0.931641 0.088867 0.132812 0.177734
12 0.745117 0.077148 0.466797 0.154297
23 0.285156 0.094727 0.468750 0.189453
10 0.911133 0.652344 0.173828 0.007812