14 0.422852 0.490234 0.048828 0.093750
15 0.452148 0.489258 0.107422 0.107422
16 0.431641 0.384766 0.031250 0.097656
5 0.373047 0.469727 0.019531 0.087891
17 0.424805 0.285156 0.044922 0.097656
6 0.300781 0.112305 0.062500 0.181641
7 0.373047 0.259766 0.019531 0.050781
4 0.467773 0.831055 0.935547 0.333984
8 0.843750 0.832031 0.308594 0.332031
9 0.459961 0.625000 0.314453 0.074219
11 0.496094 0.572266 0.179688 0.027344
12 0.616211 0.572266 0.099609 0.027344
13 0.501953 0.550781 0.121094 0.011719
0 0.585938 0.551758 0.062500 0.013672
2 0.733398 0.070312 0.333984 0.140625