14 0.551758 0.441406 0.068359 0.007812
15 0.435547 0.441406 0.171875 0.007812
16 0.555664 0.452148 0.060547 0.009766
5 0.440430 0.452148 0.181641 0.009766
17 0.679688 0.469727 0.289062 0.021484
7 0.611328 0.190430 0.187500 0.037109
4 0.432617 0.189453 0.181641 0.039062
8 0.633789 0.140625 0.216797 0.058594
9 0.423828 0.139648 0.222656 0.060547
11 0.395508 0.056641 0.318359 0.105469
12 0.504883 0.397461 0.095703 0.044922
0 0.776367 0.502930 0.443359 0.044922
23 0.486328 0.833008 0.972656 0.330078