14 0.075195 0.666016 0.150391 0.066406
16 0.312500 0.691406 0.625000 0.121094
17 0.390625 0.874023 0.781250 0.248047
6 0.076172 0.009766 0.152344 0.019531
5 0.352539 0.012695 0.423828 0.025391
4 0.353516 0.489258 0.128906 0.044922
8 0.342773 0.462891 0.107422 0.003906
11 0.975586 0.444336 0.025391 0.013672
0 0.153320 0.416016 0.166016 0.085938
15 0.805664 0.692383 0.384766 0.111328
9 0.815430 0.872070 0.365234 0.251953
22 0.881836 0.490234 0.126953 0.046875
23 0.871094 0.442383 0.148438 0.009766
1 0.333984 0.316406 0.164062 0.011719
3 0.866211 0.337891 0.158203 0.050781
2 0.072266 0.558594 0.144531 0.007812