14 0.607422 0.541016 0.148438 0.011719
15 0.442383 0.541016 0.201172 0.011719
16 0.614258 0.560547 0.134766 0.023438
5 0.454102 0.560547 0.224609 0.023438
17 0.671875 0.610352 0.203125 0.072266
7 0.644531 0.172852 0.222656 0.087891
4 0.411133 0.172852 0.263672 0.087891
8 0.699219 0.064453 0.308594 0.128906
9 0.374023 0.063477 0.376953 0.126953
11 0.964844 0.514648 0.050781 0.001953
12 0.514648 0.485352 0.119141 0.052734
0 0.819336 0.823242 0.357422 0.349609
23 0.350586 0.485352 0.064453 0.052734
18 0.092773 0.545898 0.060547 0.013672