14 0.375000 0.472656 0.070312 0.132812
15 0.414062 0.469727 0.148438 0.154297
16 0.375977 0.333984 0.072266 0.132812
5 0.076172 0.068359 0.023438 0.015625
17 0.280273 0.504883 0.068359 0.009766
6 0.377930 0.195312 0.068359 0.140625
7 0.281250 0.101562 0.070312 0.148438
4 0.484375 0.824219 0.968750 0.347656
8 0.823242 0.824219 0.349609 0.347656
9 0.470703 0.611328 0.347656 0.074219
11 0.482422 0.560547 0.179688 0.023438
12 0.597656 0.560547 0.089844 0.023438
0 0.438477 0.062500 0.259766 0.125000
1 0.716797 0.062500 0.328125 0.125000