14 0.603516 0.448242 0.136719 0.126953
15 0.602539 0.445312 0.138672 0.144531
16 0.603516 0.312500 0.136719 0.128906
5 0.243164 0.313477 0.255859 0.126953
17 0.246094 0.803711 0.492188 0.388672
6 0.062500 0.555664 0.125000 0.025391
7 0.252930 0.576172 0.505859 0.066406
4 0.107422 0.530273 0.105469 0.021484
8 0.324219 0.531250 0.375000 0.023438
10 0.174805 0.055664 0.130859 0.111328
11 0.342773 0.055664 0.337891 0.111328
12 0.706055 0.804688 0.583984 0.386719
0 0.569336 0.531250 0.123047 0.023438
23 0.598633 0.177734 0.126953 0.136719