14 0.552734 0.437500 0.070312 0.007812
15 0.434570 0.437500 0.177734 0.007812
16 0.556641 0.447266 0.062500 0.011719
5 0.438477 0.448242 0.189453 0.009766
17 0.687500 0.465820 0.304688 0.021484
7 0.611328 0.181641 0.187500 0.039062
4 0.430664 0.180664 0.185547 0.041016
8 0.634766 0.129883 0.218750 0.060547
9 0.419922 0.128906 0.230469 0.062500
11 0.396484 0.048828 0.316406 0.097656
12 0.503906 0.393555 0.097656 0.044922
0 0.777344 0.499023 0.441406 0.044922
23 0.494141 0.837891 0.988281 0.320312