14 0.395508 0.558594 0.236328 0.015625
15 0.283203 0.552734 0.011719 0.003906
16 0.413086 0.581055 0.271484 0.029297
5 0.094727 0.571289 0.005859 0.001953
17 0.419922 0.634766 0.402344 0.078125
6 0.381836 0.208008 0.263672 0.080078
7 0.226562 0.205078 0.128906 0.078125
4 0.360352 0.097656 0.380859 0.152344
8 0.143555 0.090820 0.208984 0.150391
9 0.359375 0.018555 0.402344 0.037109
11 0.348633 0.497070 0.119141 0.052734
0 0.161133 0.407227 0.033203 0.005859
1 0.782227 0.372070 0.025391 0.005859
2 0.154297 0.403320 0.023438 0.005859