14 0.633789 0.473633 0.208984 0.181641
15 0.631836 0.467773 0.205078 0.212891
16 0.633789 0.281250 0.208984 0.199219
5 0.250977 0.293945 0.126953 0.173828
17 0.208008 0.984375 0.416016 0.027344
6 0.243164 0.798828 0.486328 0.347656
7 0.081055 0.576172 0.021484 0.003906
4 0.394531 0.600586 0.207031 0.048828
8 0.313477 0.011719 0.369141 0.023438
9 0.706055 0.986328 0.583984 0.023438
10 0.708008 0.801758 0.580078 0.349609
11 0.595703 0.600586 0.210938 0.048828
12 0.885742 0.398438 0.224609 0.335938
0 0.606445 0.010742 0.212891 0.021484
23 0.296875 0.478516 0.031250 0.191406