14 0.966797 0.084961 0.062500 0.052734
16 0.079102 0.532227 0.154297 0.111328
17 0.006836 0.522461 0.005859 0.146484
6 0.077148 0.377930 0.154297 0.138672
5 0.835938 0.853516 0.324219 0.289062
7 0.802734 0.675781 0.308594 0.062500
4 0.406250 0.853516 0.812500 0.289062
8 0.347656 0.675781 0.394531 0.062500
11 0.014648 0.742188 0.029297 0.070312
0 0.854492 0.395508 0.251953 0.103516
15 0.578125 0.395508 0.253906 0.103516
9 0.303711 0.376953 0.248047 0.105469
12 0.796875 0.055664 0.402344 0.111328
23 0.122070 0.047852 0.244141 0.095703
20 0.843750 0.518555 0.023438 0.138672