14 0.584961 0.465820 0.021484 0.048828
15 0.570312 0.465820 0.050781 0.056641
16 0.723633 0.464844 0.048828 0.128906
5 0.700195 0.468750 0.013672 0.128906
17 0.584961 0.411133 0.021484 0.052734
6 0.725586 0.245117 0.048828 0.052734
7 0.670898 0.352539 0.021484 0.119141
4 0.586914 0.355469 0.021484 0.054688
8 0.725586 0.174805 0.048828 0.189453
9 0.671875 0.249023 0.023438 0.130859
11 0.190430 0.357422 0.107422 0.054688
12 0.588867 0.519531 0.154297 0.011719
0 0.594727 0.537109 0.173828 0.019531
1 0.395508 0.537109 0.228516 0.019531
2 0.600586 0.570312 0.205078 0.042969