14 0.580078 0.508789 0.023438 0.052734
15 0.564453 0.507812 0.054688 0.058594
5 0.743164 0.509766 0.064453 0.156250
17 0.719727 0.509766 0.021484 0.148438
6 0.580078 0.451172 0.023438 0.054688
7 0.743164 0.286133 0.064453 0.115234
4 0.672852 0.388672 0.021484 0.121094
8 0.580078 0.394531 0.023438 0.054688
9 0.743164 0.181641 0.064453 0.222656
11 0.879883 0.093750 0.146484 0.187500
12 0.168945 0.396484 0.111328 0.054688
13 0.589844 0.566406 0.171875 0.011719
0 0.461914 0.566406 0.083984 0.011719
1 0.601562 0.585938 0.203125 0.023438
2 0.368164 0.585938 0.267578 0.023438
22 0.272461 0.628906 0.447266 0.058594
23 0.713867 0.803711 0.568359 0.287109