14 0.860352 0.854492 0.275391 0.287109
16 0.823242 0.677734 0.197266 0.062500
17 0.988281 0.101562 0.019531 0.015625
6 0.817383 0.055664 0.361328 0.111328
5 0.879883 0.356445 0.236328 0.025391
7 0.474609 0.853516 0.949219 0.289062
4 0.397461 0.676758 0.251953 0.060547
8 0.055664 0.795898 0.111328 0.080078
11 0.609375 0.395508 0.250000 0.103516
0 0.092773 0.386719 0.185547 0.085938
15 0.454102 0.055664 0.443359 0.111328
23 0.879883 0.515625 0.236328 0.078125
19 0.607422 0.517578 0.246094 0.082031
1 0.338867 0.515625 0.248047 0.078125
21 0.093750 0.509766 0.187500 0.066406
3 0.950195 0.138672 0.095703 0.054688