14 0.597656 0.553711 0.085938 0.005859
15 0.491211 0.553711 0.130859 0.005859
16 0.600586 0.565430 0.080078 0.013672
5 0.501953 0.565430 0.140625 0.013672
17 0.622070 0.586914 0.091797 0.025391
7 0.638672 0.269531 0.171875 0.050781
4 0.456055 0.271484 0.205078 0.050781
8 0.674805 0.201172 0.228516 0.085938
9 0.436523 0.202148 0.271484 0.083984
11 0.397461 0.080078 0.396484 0.160156
0 0.540039 0.508789 0.103516 0.052734
23 0.320312 0.553711 0.007812 0.005859
18 0.323242 0.201172 0.048828 0.078125