14 0.969727 0.616211 0.056641 0.001953
16 0.956055 0.094727 0.083984 0.060547
17 0.085938 0.519531 0.171875 0.132812
6 0.031250 0.518555 0.062500 0.150391
5 0.085938 0.374023 0.171875 0.142578
7 0.992188 0.359375 0.011719 0.027344
4 0.832031 0.816406 0.332031 0.273438
8 0.769531 0.646484 0.339844 0.062500
11 0.408203 0.816406 0.816406 0.273438
0 0.039062 0.723633 0.078125 0.087891
15 0.127930 0.640625 0.255859 0.074219
9 0.840820 0.395508 0.240234 0.099609
12 0.580078 0.386719 0.234375 0.082031
23 0.795898 0.062500 0.404297 0.125000
20 0.838867 0.506836 0.240234 0.080078