14 0.414062 0.524414 0.050781 0.103516
15 0.447266 0.524414 0.109375 0.115234
16 0.425781 0.412109 0.031250 0.105469
5 0.351562 0.470703 0.019531 0.015625
17 0.416992 0.302734 0.048828 0.109375
6 0.278320 0.114258 0.080078 0.205078
7 0.357422 0.276367 0.011719 0.029297
4 0.439453 0.912109 0.878906 0.171875
8 0.872070 0.912109 0.251953 0.171875
9 0.378906 0.741211 0.726562 0.166016
11 0.505859 0.631836 0.207031 0.048828
12 0.785156 0.631836 0.425781 0.048828
13 0.501953 0.594727 0.132812 0.021484
0 0.696289 0.594727 0.283203 0.021484
1 0.448242 0.076172 0.302734 0.152344