14 0.210938 0.852539 0.421875 0.291016
15 0.637695 0.853516 0.720703 0.289062
16 0.841797 0.518555 0.105469 0.021484
5 0.841797 0.533203 0.105469 0.007812
17 0.823242 0.372070 0.126953 0.048828
7 0.282227 0.646484 0.404297 0.121094
4 0.675781 0.650391 0.500000 0.125000
8 0.291992 0.568359 0.423828 0.035156
9 0.654297 0.569336 0.335938 0.037109
10 0.486328 0.541016 0.050781 0.015625
11 0.656250 0.541992 0.300781 0.017578
12 0.359375 0.048828 0.289062 0.097656
0 0.407227 0.144531 0.208984 0.101562
23 0.804688 0.136719 0.117188 0.097656