14 0.766602 0.455078 0.091797 0.007812
16 0.763672 0.447266 0.085938 0.003906
17 0.104492 0.492188 0.154297 0.074219
6 0.108398 0.532227 0.005859 0.001953
5 0.767578 0.399414 0.093750 0.087891
7 0.106445 0.404297 0.083984 0.082031
4 0.003906 0.368164 0.007812 0.009766
8 0.131836 0.675781 0.263672 0.117188
11 0.108398 0.830078 0.216797 0.191406
0 0.499023 0.867188 0.998047 0.261719
15 0.869141 0.681641 0.257812 0.121094
9 0.953125 0.776367 0.089844 0.064453
12 0.449219 0.402344 0.136719 0.082031
23 0.624023 0.447266 0.162109 0.003906
24 0.548828 0.017578 0.417969 0.035156
1 0.871094 0.014648 0.253906 0.029297
3 0.003906 0.320312 0.007812 0.082031
2 0.273438 0.314453 0.156250 0.082031