14 0.176758 0.667969 0.353516 0.109375
16 0.112305 0.820312 0.224609 0.199219
17 0.542969 0.669922 0.628906 0.113281
6 0.499023 0.861328 0.998047 0.273438
5 0.174805 0.026367 0.349609 0.052734
7 0.542969 0.023438 0.421875 0.046875
4 0.446289 0.490234 0.158203 0.078125
8 0.433594 0.490234 0.132812 0.085938
11 0.433594 0.404297 0.132812 0.082031
0 0.863281 0.666016 0.269531 0.101562
15 0.949219 0.775391 0.097656 0.078125
9 0.858398 0.392578 0.029297 0.062500
22 0.963867 0.368164 0.068359 0.013672
23 0.866211 0.020508 0.263672 0.041016
19 0.273438 0.319336 0.156250 0.083984
1 0.945312 0.315430 0.105469 0.087891
20 0.160156 0.539062 0.218750 0.007812
21 0.117188 0.555664 0.234375 0.021484
3 0.343750 0.540039 0.199219 0.009766
2 0.294922 0.556641 0.273438 0.023438