14 0.291016 0.906250 0.582031 0.183594
15 0.747070 0.916992 0.501953 0.162109
16 0.158203 0.015625 0.226562 0.031250
5 0.946289 0.708984 0.021484 0.003906
17 0.936523 0.714844 0.001953 0.003906
7 0.016602 0.569336 0.001953 0.001953
4 0.651367 0.556641 0.193359 0.097656
8 0.317383 0.796875 0.607422 0.074219
9 0.764648 0.804688 0.361328 0.085938
10 0.604492 0.745117 0.068359 0.029297
11 0.725586 0.747070 0.201172 0.033203
12 0.623047 0.721680 0.046875 0.013672
0 0.342773 0.124023 0.533203 0.248047
1 0.787109 0.111328 0.421875 0.222656
2 0.496094 0.291016 0.261719 0.132812
3 0.793945 0.266602 0.365234 0.154297
23 0.757812 0.370117 0.257812 0.083984
24 0.869141 0.409180 0.011719 0.013672