14 0.931641 0.601562 0.132812 0.046875
15 0.940430 0.630859 0.115234 0.007812
16 0.468750 0.358398 0.355469 0.169922
5 0.219727 0.846680 0.435547 0.302734
17 0.648438 0.846680 0.699219 0.302734
7 0.604492 0.665039 0.330078 0.056641
4 0.361328 0.055664 0.207031 0.083984
8 0.671875 0.052734 0.421875 0.085938
9 0.966797 0.646484 0.062500 0.019531
10 0.911133 0.052734 0.173828 0.085938
11 0.899414 0.160156 0.095703 0.125000
12 0.467773 0.184570 0.353516 0.173828
0 0.211914 0.188477 0.158203 0.166016