14 0.213867 0.948242 0.427734 0.099609
15 0.603516 0.457031 0.132812 0.121094
16 0.603516 0.456055 0.132812 0.134766
5 0.597656 0.331055 0.121094 0.123047
17 0.267578 0.332031 0.238281 0.121094
6 0.249023 0.752930 0.498047 0.302734
7 0.076172 0.563477 0.152344 0.033203
4 0.254883 0.574219 0.509766 0.054688
8 0.160156 0.535156 0.125000 0.019531
9 0.341797 0.536133 0.347656 0.021484
10 0.142578 0.004883 0.019531 0.009766
11 0.329102 0.004883 0.365234 0.009766
12 0.201172 0.078125 0.117188 0.132812
0 0.703125 0.952148 0.589844 0.091797