14 0.851562 0.581055 0.292969 0.029297
15 0.728516 0.574219 0.058594 0.019531
16 0.848633 0.616211 0.298828 0.060547
5 0.519531 0.593750 0.363281 0.019531
17 0.779297 0.725586 0.437500 0.193359
6 0.195312 0.650391 0.265625 0.093750
7 0.851562 0.138672 0.292969 0.148438
4 0.618164 0.175781 0.287109 0.101562
8 0.811523 0.061523 0.373047 0.123047
9 0.576172 0.072266 0.250000 0.144531
11 0.841797 0.504883 0.144531 0.072266
0 0.534180 0.877930 0.927734 0.240234
23 0.314453 0.318359 0.121094 0.039062
19 0.651367 0.400391 0.017578 0.015625
20 0.842773 0.368164 0.142578 0.076172
21 0.842773 0.435547 0.142578 0.070312