14 0.179688 0.829102 0.359375 0.337891
15 0.530273 0.829102 0.935547 0.337891
16 0.787109 0.518555 0.027344 0.009766
5 0.774414 0.527344 0.001953 0.003906
17 0.511719 0.369141 0.203125 0.101562
7 0.590820 0.618164 0.361328 0.083984
4 0.421875 0.560547 0.039062 0.023438
8 0.592773 0.559570 0.154297 0.029297
9 0.480469 0.532227 0.050781 0.005859
10 0.568359 0.538086 0.128906 0.013672
11 0.329102 0.066406 0.330078 0.132812
12 0.646484 0.063477 0.347656 0.126953
0 0.626953 0.167969 0.261719 0.089844
1 0.774414 0.533203 0.001953 0.003906
2 0.815430 0.130859 0.076172 0.023438
3 0.510742 0.265625 0.205078 0.105469
23 0.339844 0.257812 0.132812 0.082031
19 0.318359 0.474609 0.171875 0.089844
20 0.361328 0.424805 0.003906 0.005859
21 0.561523 0.475586 0.103516 0.095703