14 0.989258 0.596680 0.017578 0.251953
16 0.989258 0.594727 0.017578 0.283203
17 0.989258 0.319336 0.017578 0.263672
6 0.188477 0.321289 0.376953 0.259766
5 0.672852 0.595703 0.509766 0.250000
7 0.676758 0.594727 0.521484 0.283203
4 0.672852 0.319336 0.509766 0.263672
8 0.989258 0.104492 0.017578 0.162109
11 0.672852 0.094727 0.509766 0.189453
13 0.036133 0.789062 0.072266 0.042969
0 0.403320 0.833984 0.806641 0.195312
15 0.425781 0.962891 0.851562 0.070312
9 0.852539 0.835938 0.291016 0.195312
12 0.904297 0.965820 0.187500 0.064453