14 0.138672 0.841797 0.277344 0.312500
15 0.541992 0.842773 0.912109 0.310547
16 0.843750 0.495117 0.078125 0.013672
5 0.835938 0.504883 0.062500 0.005859
17 0.758789 0.354492 0.029297 0.013672
7 0.313477 0.623047 0.177734 0.121094
4 0.601562 0.626953 0.503906 0.128906
8 0.393555 0.548828 0.025391 0.023438
9 0.664062 0.543945 0.332031 0.037109
10 0.463867 0.515625 0.056641 0.015625
11 0.551758 0.515625 0.142578 0.015625
12 0.330078 0.030273 0.292969 0.060547
0 0.361328 0.110352 0.265625 0.107422
1 0.637695 0.104492 0.314453 0.111328
2 0.817383 0.531250 0.025391 0.007812
3 0.835938 0.516602 0.062500 0.017578
23 0.764648 0.102539 0.068359 0.107422
19 0.497070 0.218750 0.224609 0.117188
20 0.181641 0.165039 0.003906 0.001953
21 0.298828 0.351562 0.156250 0.074219