14 0.708984 0.492188 0.089844 0.082031
16 0.714844 0.494141 0.101562 0.097656
17 0.063477 0.479492 0.126953 0.048828
6 0.709961 0.399414 0.091797 0.087891
5 0.077148 0.404297 0.076172 0.082031
7 0.039062 0.713867 0.078125 0.041016
4 0.001953 0.737305 0.003906 0.001953
8 0.348633 0.680664 0.677734 0.123047
11 0.417969 0.867188 0.835938 0.261719
0 0.843750 0.871094 0.308594 0.253906
9 0.568359 0.455078 0.160156 0.007812
12 0.625000 0.447266 0.050781 0.003906
23 0.121094 0.020508 0.210938 0.033203
24 0.710938 0.313477 0.089844 0.091797
1 0.061523 0.318359 0.123047 0.085938
3 0.296875 0.541992 0.007812 0.005859
2 0.728516 0.541992 0.093750 0.009766