14 0.053711 0.629883 0.107422 0.037109
16 0.235352 0.666992 0.470703 0.111328
17 0.215820 0.859375 0.431641 0.277344
6 0.696289 0.669922 0.525391 0.113281
5 0.666992 0.861328 0.662109 0.273438
7 0.047852 0.027344 0.095703 0.054688
4 0.257812 0.026367 0.425781 0.052734
8 0.676758 0.023438 0.419922 0.046875
11 0.500977 0.490234 0.158203 0.078125
0 0.500977 0.404297 0.158203 0.082031
15 0.330078 0.404297 0.156250 0.082031
22 0.928711 0.020508 0.138672 0.041016
23 0.500977 0.318359 0.158203 0.085938
1 0.218750 0.539062 0.214844 0.007812
20 0.148438 0.555664 0.296875 0.021484
2 0.567383 0.540039 0.138672 0.009766