14 0.820312 0.540039 0.078125 0.029297
15 0.800781 0.559570 0.039062 0.005859
16 0.899414 0.324219 0.021484 0.007812
5 0.427734 0.312500 0.328125 0.160156
17 0.153320 0.907227 0.306641 0.181641
7 0.246094 0.715820 0.316406 0.205078
4 0.653320 0.713867 0.685547 0.201172
8 0.366211 0.589844 0.119141 0.046875
9 0.504883 0.587891 0.197266 0.046875
10 0.294922 0.032227 0.261719 0.064453
11 0.604492 0.035156 0.365234 0.070312
12 0.812500 0.566406 0.015625 0.003906
0 0.797852 0.149414 0.029297 0.154297