15 0.919922 0.292969 0.082031 0.039062
16 0.464844 0.335938 0.273438 0.132812
5 0.185547 0.780273 0.371094 0.255859
17 0.541016 0.825195 0.707031 0.345703
7 0.686523 0.614258 0.623047 0.076172
4 0.415039 0.561523 0.091797 0.025391
8 0.542969 0.561523 0.203125 0.025391
9 0.994141 0.256836 0.007812 0.005859
10 0.309570 0.064453 0.306641 0.128906
11 0.635742 0.063477 0.376953 0.126953
0 0.464844 0.198242 0.273438 0.138672
19 0.394531 0.476562 0.136719 0.125000
20 0.415039 0.475586 0.095703 0.142578