14 0.591797 0.530273 0.105469 0.009766
15 0.471680 0.530273 0.150391 0.009766
16 0.597656 0.544922 0.093750 0.015625
5 0.482422 0.544922 0.160156 0.015625
17 0.625977 0.572266 0.119141 0.035156
7 0.636719 0.218750 0.195312 0.062500
4 0.432617 0.218750 0.228516 0.062500
8 0.676758 0.131836 0.255859 0.107422
9 0.411133 0.131836 0.306641 0.107422
11 0.392578 0.044922 0.363281 0.062500
0 0.524414 0.481445 0.111328 0.056641
23 0.246094 0.530273 0.039062 0.009766
18 0.399414 0.481445 0.005859 0.056641