14 0.302734 0.512695 0.199219 0.013672
15 0.319336 0.531250 0.232422 0.023438
16 0.328125 0.566406 0.308594 0.050781
5 0.279297 0.187500 0.246094 0.078125
17 0.138672 0.179688 0.097656 0.070312
6 0.261719 0.095703 0.343750 0.136719
7 0.068359 0.082031 0.136719 0.128906
4 0.263672 0.029297 0.375000 0.058594
8 0.043945 0.012695 0.087891 0.025391
9 0.250977 0.458984 0.099609 0.050781
11 0.644531 0.388672 0.027344 0.019531
0 0.092773 0.373047 0.021484 0.007812
1 0.646484 0.363281 0.031250 0.031250
2 0.059570 0.360352 0.037109 0.013672