14 0.234375 0.838867 0.468750 0.318359
15 0.644531 0.841797 0.707031 0.312500
16 0.804688 0.565430 0.015625 0.001953
5 0.798828 0.570312 0.003906 0.003906
17 0.541016 0.420898 0.187500 0.095703
7 0.633789 0.651367 0.322266 0.072266
4 0.493164 0.600586 0.064453 0.025391
8 0.604492 0.601562 0.185547 0.027344
9 0.510742 0.579102 0.044922 0.013672
10 0.592773 0.581055 0.130859 0.013672
11 0.297852 0.038086 0.423828 0.076172
12 0.710938 0.033203 0.414062 0.066406
0 0.693359 0.127930 0.363281 0.146484
1 0.434570 0.240234 0.197266 0.074219
23 0.853516 0.123047 0.121094 0.140625