14 0.588867 0.495117 0.029297 0.064453
15 0.571289 0.494141 0.064453 0.074219
16 0.134766 0.495117 0.011719 0.060547
17 0.951172 0.506836 0.093750 0.333984
6 0.942383 0.503906 0.111328 0.382812
7 0.588867 0.422852 0.029297 0.068359
4 0.952148 0.171875 0.091797 0.343750
8 0.801758 0.260742 0.115234 0.287109
9 0.588867 0.354492 0.029297 0.064453
11 0.802734 0.118164 0.113281 0.236328
12 0.131836 0.357422 0.017578 0.058594
13 0.640625 0.591797 0.304688 0.039062
0 0.351562 0.591797 0.281250 0.039062
22 0.296875 0.863281 0.339844 0.269531