14 0.805664 0.460938 0.017578 0.035156
16 0.801758 0.440430 0.009766 0.005859
17 0.069336 0.467773 0.134766 0.048828
6 0.773438 0.426758 0.082031 0.021484
5 0.089844 0.418945 0.089844 0.009766
7 0.199219 0.666992 0.398438 0.119141
4 0.191406 0.861328 0.382812 0.273438
8 0.692383 0.664062 0.611328 0.117188
11 0.647461 0.858398 0.701172 0.279297
0 0.447266 0.391602 0.164062 0.080078
15 0.586914 0.484375 0.072266 0.078125
9 0.627930 0.389648 0.154297 0.064453
23 0.770508 0.296875 0.091797 0.050781
24 0.628906 0.308594 0.156250 0.078125
1 0.213867 0.537109 0.009766 0.003906
3 0.329102 0.541992 0.041016 0.001953
2 0.534180 0.536133 0.173828 0.005859