14 0.931641 0.759766 0.132812 0.070312
16 0.781250 0.654297 0.113281 0.046875
17 0.992188 0.169922 0.011719 0.007812
5 0.893555 0.421875 0.208984 0.113281
7 0.559570 0.806641 0.876953 0.222656
4 0.536133 0.662109 0.220703 0.062500
8 0.145508 0.819336 0.291016 0.201172
11 0.066406 0.664062 0.132812 0.062500
0 0.650391 0.420898 0.234375 0.115234
15 0.394531 0.419922 0.238281 0.117188
12 0.558594 0.084961 0.453125 0.169922
19 0.529297 0.625977 0.292969 0.009766
1 0.046875 0.627930 0.093750 0.009766
20 0.894531 0.516602 0.207031 0.056641