14 0.663086 0.492188 0.087891 0.082031
16 0.667969 0.494141 0.097656 0.097656
17 0.041016 0.475586 0.082031 0.041016
6 0.663086 0.399414 0.087891 0.087891
5 0.257812 0.680664 0.515625 0.123047
7 0.253906 0.868164 0.507812 0.259766
4 0.753906 0.683594 0.488281 0.125000
8 0.746094 0.871094 0.503906 0.253906
11 0.523438 0.490234 0.160156 0.078125
0 0.557617 0.402344 0.091797 0.082031
15 0.063477 0.018555 0.126953 0.037109
9 0.306641 0.017578 0.421875 0.035156
12 0.710938 0.014648 0.386719 0.029297
23 0.038086 0.315430 0.076172 0.080078
2 0.653320 0.560547 0.263672 0.023438