14 0.530273 0.476562 0.083984 0.082031
16 0.534180 0.477539 0.091797 0.095703
17 0.531250 0.384766 0.085938 0.089844
6 0.915039 0.187500 0.166016 0.367188
5 0.175781 0.657227 0.351562 0.119141
7 0.145508 0.855469 0.291016 0.285156
4 0.634766 0.650391 0.679688 0.117188
8 0.572266 0.846680 0.851562 0.302734
11 0.205078 0.412109 0.164062 0.011719
0 0.410156 0.474609 0.125000 0.089844
15 0.396484 0.385742 0.152344 0.083984
9 0.666992 0.002930 0.162109 0.005859
12 0.531250 0.298828 0.085938 0.089844
23 0.050781 0.282227 0.101562 0.052734
1 0.490234 0.526367 0.195312 0.009766
2 0.541992 0.574219 0.376953 0.042969