14 0.149414 0.670898 0.298828 0.111328
16 0.082031 0.828125 0.164062 0.203125
17 0.176758 0.023438 0.353516 0.046875
6 0.947266 0.477539 0.101562 0.052734
5 0.981445 0.447266 0.017578 0.003906
7 0.277344 0.491211 0.156250 0.076172
4 0.247070 0.489258 0.099609 0.083984
8 0.971680 0.399414 0.052734 0.087891
11 0.277344 0.404297 0.156250 0.082031
0 0.581055 0.675781 0.630859 0.117188
15 0.499023 0.864258 0.998047 0.267578
9 0.920898 0.715820 0.154297 0.041016
12 0.949219 0.771484 0.097656 0.070312
22 0.634766 0.402344 0.113281 0.082031
23 0.799805 0.480469 0.162109 0.050781
19 0.547852 0.020508 0.419922 0.041016
24 0.870117 0.017578 0.255859 0.035156
1 0.950195 0.313477 0.095703 0.091797
20 0.276367 0.318359 0.158203 0.085938
21 0.101562 0.311523 0.148438 0.068359
3 0.449219 0.317383 0.160156 0.087891
2 0.801758 0.315430 0.162109 0.087891