14 0.390625 0.477539 0.054688 0.115234
15 0.424805 0.473633 0.126953 0.134766
16 0.390625 0.347656 0.058594 0.121094
5 0.310547 0.503906 0.046875 0.007812
17 0.390625 0.221680 0.058594 0.126953
6 0.229492 0.034180 0.033203 0.056641
7 0.309570 0.158203 0.048828 0.105469
4 0.470703 0.975586 0.941406 0.044922
8 0.960938 0.963867 0.074219 0.021484
9 0.459961 0.785156 0.919922 0.332031
11 0.475586 0.590820 0.275391 0.052734
12 0.651367 0.590820 0.166016 0.052734
0 0.585938 0.552734 0.078125 0.019531
1 0.919922 0.547852 0.156250 0.009766