14 0.058594 0.631836 0.117188 0.041016
16 0.241211 0.666992 0.482422 0.111328
17 0.224609 0.858398 0.449219 0.279297
6 0.714844 0.669922 0.527344 0.113281
5 0.684570 0.861328 0.626953 0.273438
7 0.053711 0.027344 0.107422 0.054688
4 0.267578 0.026367 0.425781 0.052734
8 0.688477 0.023438 0.419922 0.046875
11 0.505859 0.490234 0.160156 0.078125
13 0.498047 0.490234 0.144531 0.085938
0 0.505859 0.404297 0.160156 0.082031
15 0.333984 0.404297 0.156250 0.082031
22 0.932617 0.020508 0.130859 0.041016
23 0.505859 0.318359 0.160156 0.085938
1 0.223633 0.539062 0.212891 0.007812
20 0.151367 0.555664 0.302734 0.021484
2 0.583984 0.540039 0.160156 0.009766