14 0.017578 0.706055 0.035156 0.009766
16 0.220703 0.763672 0.441406 0.125000
17 0.192383 0.912109 0.384766 0.171875
6 0.692383 0.765625 0.611328 0.125000
5 0.653320 0.913086 0.689453 0.169922
7 0.029297 0.083008 0.058594 0.056641
4 0.222656 0.055664 0.445312 0.111328
8 0.672852 0.054688 0.482422 0.109375
11 0.480469 0.575195 0.164062 0.080078
0 0.480469 0.486328 0.164062 0.082031
15 0.302734 0.486328 0.164062 0.082031
23 0.917969 0.053711 0.160156 0.107422
1 0.969727 0.386719 0.056641 0.011719
3 0.375000 0.626953 0.207031 0.007812
2 0.333984 0.643555 0.281250 0.021484