14 0.209961 0.885742 0.419922 0.224609
15 0.659180 0.888672 0.677734 0.218750
16 0.905273 0.521484 0.107422 0.027344
5 0.904297 0.537109 0.105469 0.011719
17 0.877930 0.359375 0.107422 0.042969
7 0.250977 0.686523 0.501953 0.181641
4 0.709961 0.696289 0.576172 0.189453
8 0.478516 0.578125 0.089844 0.042969
9 0.700195 0.579102 0.388672 0.044922
10 0.500977 0.545898 0.064453 0.017578
11 0.690430 0.546875 0.330078 0.019531
12 0.408203 0.033203 0.230469 0.066406
0 0.424805 0.120117 0.216797 0.115234
23 0.847656 0.109375 0.132812 0.121094