14 0.564453 0.243164 0.027344 0.056641
15 0.547852 0.242188 0.060547 0.066406
16 0.763672 0.229492 0.101562 0.193359
5 0.739258 0.232422 0.056641 0.187500
17 0.566406 0.176758 0.027344 0.064453
6 0.755859 0.003906 0.042969 0.007812
7 0.685547 0.084961 0.046875 0.169922
4 0.566406 0.108398 0.027344 0.068359
8 0.684570 0.019531 0.033203 0.039062
9 0.120117 0.108398 0.091797 0.068359
11 0.348633 0.305664 0.267578 0.013672
12 0.594727 0.328125 0.236328 0.027344
13 0.294922 0.328125 0.371094 0.027344
0 0.609375 0.379883 0.300781 0.072266
22 0.666016 0.975586 0.664062 0.044922