14 0.158203 0.660156 0.316406 0.105469
16 0.083984 0.773438 0.167969 0.121094
17 0.490234 0.664062 0.632812 0.109375
6 0.499023 0.856445 0.998047 0.283203
5 0.843750 0.666016 0.308594 0.109375
7 0.904297 0.805664 0.187500 0.169922
4 0.157227 0.026367 0.314453 0.052734
8 0.500000 0.024414 0.417969 0.048828
11 0.845703 0.021484 0.304688 0.042969
13 0.600586 0.487305 0.158203 0.076172
0 0.593750 0.486328 0.144531 0.085938
15 0.601562 0.400391 0.160156 0.082031
22 0.601562 0.314453 0.160156 0.085938
23 0.428711 0.316406 0.158203 0.085938
1 0.513672 0.536133 0.195312 0.009766
3 0.721680 0.553711 0.212891 0.021484
2 0.860352 0.536133 0.162109 0.009766