14 0.976562 0.400391 0.042969 0.078125
15 0.090820 0.309570 0.123047 0.158203
16 0.188477 0.481445 0.005859 0.072266
5 0.990234 0.077148 0.015625 0.013672
17 0.957031 0.138672 0.082031 0.105469
6 0.941406 0.221680 0.113281 0.060547
7 0.942383 0.296875 0.111328 0.085938
4 0.089844 0.167969 0.121094 0.230469
8 0.209961 0.269531 0.048828 0.066406
9 0.499023 0.925781 0.998047 0.144531
11 0.467773 0.754883 0.935547 0.232422
12 0.110352 0.606445 0.220703 0.056641
13 0.536133 0.609375 0.322266 0.058594
0 0.222656 0.573242 0.046875 0.005859
1 0.541992 0.565430 0.193359 0.025391
2 0.369141 0.545898 0.007812 0.001953
3 0.540039 0.543945 0.138672 0.013672