14 0.955078 0.704102 0.085938 0.044922
16 0.893555 0.642578 0.208984 0.074219
17 0.648438 0.821289 0.699219 0.279297
6 0.833984 0.648438 0.144531 0.062500
5 0.883789 0.061523 0.228516 0.123047
7 0.647461 0.062500 0.427734 0.125000
4 0.720703 0.380859 0.242188 0.125000
8 0.931641 0.380859 0.132812 0.125000
11 0.196289 0.819336 0.392578 0.275391
0 0.050781 0.622070 0.101562 0.013672
15 0.458008 0.394531 0.244141 0.101562
19 0.884766 0.592773 0.226562 0.021484
20 0.719727 0.513672 0.240234 0.117188
21 0.731445 0.512695 0.224609 0.134766