14 0.112305 0.665039 0.224609 0.107422
16 0.069336 0.769531 0.138672 0.097656
17 0.145508 0.010742 0.291016 0.021484
6 0.894531 0.469727 0.097656 0.037109
5 0.926758 0.448242 0.021484 0.005859
7 0.250977 0.491211 0.056641 0.076172
4 0.250977 0.493164 0.056641 0.083984
8 0.895508 0.404297 0.095703 0.082031
11 0.215820 0.403320 0.142578 0.083984
13 0.063477 0.435547 0.126953 0.019531
0 0.490234 0.665039 0.687500 0.107422
15 0.499023 0.858398 0.998047 0.279297
9 0.884766 0.664062 0.226562 0.105469
23 0.750977 0.470703 0.158203 0.035156
24 0.842773 0.012695 0.310547 0.025391
1 0.897461 0.333984 0.095703 0.054688
3 0.401367 0.331055 0.162109 0.048828
2 0.751953 0.332031 0.160156 0.050781