14 0.224609 0.833984 0.449219 0.328125
15 0.551758 0.504883 0.099609 0.091797
16 0.549805 0.503906 0.095703 0.101562
5 0.546875 0.404297 0.089844 0.093750
17 0.288086 0.404297 0.193359 0.093750
6 0.354492 0.633789 0.232422 0.068359
7 0.359375 0.584961 0.242188 0.025391
4 0.226562 0.561523 0.113281 0.009766
8 0.361328 0.563477 0.246094 0.013672
9 0.924805 0.131836 0.072266 0.169922
10 0.077148 0.019531 0.044922 0.039062
11 0.269531 0.019531 0.406250 0.039062
12 0.110352 0.110352 0.216797 0.138672
0 0.171875 0.218750 0.226562 0.074219
23 0.520508 0.563477 0.076172 0.013672
18 0.626953 0.492188 0.019531 0.097656