14 0.695312 0.362305 0.261719 0.126953
15 0.499023 0.835938 0.998047 0.324219
16 0.536133 0.633789 0.419922 0.076172
5 0.529297 0.580078 0.250000 0.027344
17 0.926758 0.570312 0.041016 0.007812
7 0.858398 0.006836 0.154297 0.013672
4 0.584961 0.089844 0.384766 0.148438
8 0.827148 0.089844 0.189453 0.148438
9 0.674805 0.231445 0.220703 0.130859
11 0.250977 0.580078 0.345703 0.027344
12 0.282227 0.008789 0.216797 0.017578
0 0.461914 0.362305 0.201172 0.126953
23 0.460938 0.496094 0.199219 0.136719