14 0.417969 0.479492 0.050781 0.099609
15 0.449219 0.478516 0.113281 0.113281
16 0.425781 0.367188 0.039062 0.105469
5 0.362305 0.456055 0.025391 0.099609
17 0.419922 0.259766 0.050781 0.105469
6 0.268555 0.081055 0.095703 0.162109
7 0.362305 0.227539 0.025391 0.060547
4 0.477539 0.845703 0.955078 0.304688
8 0.875977 0.846680 0.244141 0.302734
9 0.453125 0.639648 0.394531 0.107422
11 0.498047 0.570312 0.199219 0.031250
12 0.629883 0.570312 0.115234 0.031250
13 0.501953 0.544922 0.132812 0.015625
0 0.587891 0.544922 0.062500 0.015625
1 0.907227 0.540039 0.173828 0.005859