14 0.417969 0.479492 0.050781 0.099609
15 0.449219 0.478516 0.113281 0.113281
16 0.427734 0.368164 0.035156 0.103516
5 0.363281 0.502930 0.023438 0.005859
17 0.419922 0.260742 0.050781 0.107422
6 0.269531 0.081055 0.093750 0.162109
7 0.362305 0.227539 0.025391 0.060547
4 0.477539 0.844727 0.955078 0.306641
8 0.874023 0.845703 0.248047 0.304688
9 0.455078 0.638672 0.390625 0.105469
11 0.497070 0.568359 0.197266 0.031250
12 0.629883 0.570312 0.115234 0.031250
13 0.501953 0.544922 0.132812 0.015625
0 0.587891 0.544922 0.062500 0.015625
1 0.905273 0.540039 0.169922 0.005859