14 0.972656 0.690430 0.050781 0.021484
16 0.903320 0.641602 0.189453 0.072266
17 0.721680 0.810547 0.552734 0.261719
6 0.874023 0.648438 0.130859 0.058594
5 0.891602 0.069336 0.212891 0.138672
7 0.686523 0.068359 0.439453 0.136719
4 0.730469 0.387695 0.234375 0.123047
8 0.934570 0.387695 0.126953 0.123047
11 0.230469 0.814453 0.460938 0.265625
0 0.064453 0.634766 0.128906 0.031250
15 0.471680 0.400391 0.240234 0.097656
19 0.912109 0.593750 0.171875 0.019531
1 0.933594 0.516602 0.128906 0.130859
20 0.730469 0.516602 0.234375 0.115234
21 0.745117 0.516602 0.212891 0.130859