14 0.014648 0.552734 0.029297 0.007812
16 0.212891 0.606445 0.425781 0.115234
17 0.179688 0.832031 0.359375 0.332031
6 0.680664 0.608398 0.634766 0.115234
5 0.583984 0.832031 0.828125 0.332031
7 0.471680 0.426758 0.166016 0.080078
4 0.463867 0.425781 0.150391 0.089844
8 0.471680 0.334961 0.166016 0.087891
11 0.291016 0.335938 0.167969 0.085938
13 0.874023 0.562500 0.025391 0.023438
0 0.802734 0.364258 0.101562 0.017578
15 0.471680 0.245117 0.169922 0.091797
22 0.971680 0.229492 0.052734 0.013672
23 0.177734 0.476562 0.226562 0.007812
1 0.532227 0.477539 0.130859 0.009766
3 0.244141 0.527344 0.414062 0.042969
2 0.528320 0.527344 0.197266 0.042969