14 0.017578 0.619141 0.019531 0.011719
16 0.206055 0.670898 0.400391 0.111328
17 0.145508 0.859375 0.291016 0.265625
6 0.019531 0.031250 0.039062 0.035156
5 0.208984 0.023438 0.417969 0.046875
7 0.962891 0.479492 0.070312 0.048828
4 0.300781 0.458984 0.144531 0.011719
8 0.250977 0.449219 0.048828 0.003906
11 0.948242 0.367188 0.037109 0.011719
15 0.685547 0.675781 0.625000 0.117188
9 0.577148 0.864258 0.841797 0.267578
12 0.969727 0.710938 0.056641 0.031250
22 0.682617 0.402344 0.103516 0.082031
23 0.835938 0.477539 0.148438 0.044922
19 0.623047 0.020508 0.414062 0.041016
24 0.904297 0.017578 0.187500 0.035156
1 0.963867 0.315430 0.068359 0.087891
20 0.299805 0.315430 0.146484 0.080078
21 0.131836 0.311523 0.150391 0.068359
3 0.479492 0.317383 0.158203 0.087891
2 0.838867 0.315430 0.150391 0.087891