14 0.256836 0.875977 0.513672 0.244141
15 0.692383 0.881836 0.611328 0.232422
16 0.861328 0.643555 0.019531 0.001953
5 0.852539 0.648438 0.001953 0.003906
17 0.584961 0.495117 0.189453 0.095703
7 0.686523 0.732422 0.337891 0.078125
4 0.537109 0.677734 0.066406 0.027344
8 0.654297 0.680664 0.191406 0.029297
9 0.555664 0.657227 0.044922 0.013672
10 0.634766 0.657227 0.125000 0.013672
11 0.301758 0.085938 0.498047 0.171875
12 0.765625 0.078125 0.464844 0.156250
0 0.732422 0.208008 0.359375 0.146484
1 0.480469 0.320312 0.191406 0.074219
23 0.891602 0.201172 0.115234 0.136719
24 0.021484 0.652344 0.042969 0.011719