14 0.183594 0.822266 0.367188 0.351562
15 0.524414 0.822266 0.947266 0.351562
16 0.774414 0.512695 0.025391 0.009766
17 0.512695 0.366211 0.201172 0.099609
7 0.585938 0.607422 0.343750 0.078125
4 0.427734 0.554688 0.031250 0.023438
8 0.590820 0.553711 0.150391 0.029297
9 0.480469 0.527344 0.050781 0.003906
10 0.567383 0.532227 0.126953 0.013672
11 0.320312 0.066406 0.347656 0.132812
12 0.646484 0.062500 0.347656 0.125000
0 0.619141 0.165039 0.246094 0.087891
2 0.812500 0.139648 0.093750 0.021484
3 0.510742 0.262695 0.205078 0.107422
23 0.344727 0.255859 0.123047 0.082031
20 0.321289 0.469727 0.166016 0.087891
21 0.363281 0.420898 0.003906 0.005859