14 0.893555 0.403320 0.130859 0.083984
15 0.041016 0.327148 0.078125 0.130859
16 0.117188 0.487305 0.019531 0.072266
5 0.116211 0.314453 0.017578 0.007812
17 0.933594 0.062500 0.128906 0.117188
6 0.891602 0.168945 0.212891 0.095703
7 0.988281 0.214844 0.007812 0.003906
4 0.877930 0.243164 0.201172 0.052734
8 0.943359 0.245117 0.097656 0.052734
9 0.875000 0.316406 0.171875 0.089844
10 0.040039 0.200195 0.080078 0.189453
11 0.138672 0.253906 0.062500 0.128906
12 0.487305 0.910156 0.974609 0.175781
13 0.045898 0.667969 0.091797 0.058594
0 0.399414 0.734375 0.798828 0.199219
1 0.072266 0.611328 0.144531 0.054688
2 0.455078 0.609375 0.304688 0.054688
3 0.144531 0.577148 0.066406 0.009766