14 0.934570 0.096680 0.126953 0.130859
16 0.078125 0.541992 0.156250 0.115234
17 0.080078 0.480469 0.152344 0.011719
5 0.977539 0.380859 0.041016 0.042969
7 0.792969 0.805664 0.410156 0.224609
4 0.739258 0.662109 0.044922 0.062500
8 0.323242 0.803711 0.646484 0.220703
11 0.310547 0.660156 0.226562 0.062500
0 0.124023 0.657227 0.248047 0.056641
15 0.811523 0.417969 0.240234 0.117188
9 0.551758 0.417969 0.236328 0.117188
12 0.295898 0.416016 0.232422 0.121094
23 0.346680 0.083984 0.451172 0.167969
19 0.918945 0.625000 0.150391 0.007812