14 0.610352 0.511719 0.087891 0.082031
16 0.615234 0.513672 0.097656 0.097656
17 0.007812 0.487305 0.015625 0.013672
6 0.610352 0.420898 0.087891 0.087891
5 0.981445 0.276367 0.033203 0.259766
4 0.232422 0.689453 0.464844 0.113281
8 0.227539 0.871094 0.455078 0.253906
11 0.727539 0.686523 0.541016 0.111328
0 0.293945 0.449219 0.154297 0.011719
15 0.506836 0.511719 0.091797 0.078125
9 0.506836 0.510742 0.091797 0.087891
12 0.478516 0.422852 0.148438 0.083984
23 0.250000 0.021484 0.429688 0.042969
24 0.981445 0.083008 0.033203 0.166016
1 0.006836 0.334961 0.013672 0.029297