14 0.576172 0.511719 0.085938 0.082031
16 0.580078 0.512695 0.093750 0.095703
17 0.576172 0.420898 0.085938 0.087891
6 0.933594 0.233398 0.128906 0.345703
5 0.194336 0.688477 0.388672 0.111328
7 0.160156 0.871094 0.320312 0.253906
4 0.660156 0.686523 0.675781 0.111328
8 0.580078 0.868164 0.835938 0.259766
11 0.258789 0.449219 0.158203 0.011719
0 0.450195 0.510742 0.138672 0.087891
15 0.450195 0.422852 0.138672 0.083984
9 0.195312 0.021484 0.390625 0.042969
12 0.598633 0.023438 0.427734 0.046875
23 0.934570 0.083008 0.126953 0.166016
24 0.408203 0.561523 0.054688 0.009766
1 0.411133 0.573242 0.025391 0.009766
2 0.207031 0.613281 0.410156 0.035156