14 0.597656 0.535156 0.140625 0.011719
15 0.440430 0.535156 0.193359 0.011719
16 0.604492 0.553711 0.126953 0.021484
5 0.451172 0.554688 0.214844 0.023438
17 0.655273 0.598633 0.185547 0.064453
7 0.636719 0.176758 0.218750 0.083984
4 0.409180 0.174805 0.255859 0.083984
8 0.692383 0.067383 0.306641 0.134766
9 0.372070 0.066406 0.369141 0.132812
11 0.937500 0.510742 0.082031 0.001953
12 0.509766 0.480469 0.117188 0.054688
0 0.811523 0.815430 0.373047 0.365234
23 0.346680 0.480469 0.064453 0.054688
18 0.114258 0.538086 0.064453 0.013672