14 0.565430 0.598633 0.025391 0.056641
15 0.547852 0.597656 0.060547 0.062500
16 0.778320 0.609375 0.103516 0.214844
5 0.774414 0.618164 0.091797 0.224609
17 0.564453 0.536133 0.023438 0.056641
6 0.769531 0.320312 0.097656 0.148438
7 0.679688 0.455078 0.042969 0.156250
4 0.563477 0.476562 0.025391 0.058594
8 0.766602 0.206055 0.103516 0.287109
9 0.676758 0.339844 0.041016 0.156250
11 0.125000 0.476562 0.121094 0.058594
12 0.582031 0.665039 0.199219 0.017578
13 0.398438 0.665039 0.171875 0.017578
0 0.611328 0.694336 0.273438 0.037109
22 0.708984 0.914062 0.578125 0.167969