14 0.121094 0.660156 0.242188 0.105469
16 0.019531 0.724609 0.039062 0.019531
17 0.359375 0.664062 0.628906 0.109375
6 0.418945 0.856445 0.837891 0.283203
5 0.805664 0.666016 0.384766 0.109375
7 0.837891 0.859375 0.320312 0.277344
4 0.119141 0.025391 0.238281 0.050781
8 0.414062 0.024414 0.417969 0.048828
11 0.806641 0.021484 0.382812 0.042969
13 0.565430 0.487305 0.158203 0.076172
0 0.558594 0.486328 0.144531 0.085938
15 0.566406 0.400391 0.160156 0.082031
22 0.566406 0.314453 0.160156 0.085938
23 0.393555 0.316406 0.158203 0.085938
1 0.472656 0.536133 0.195312 0.009766
20 0.457031 0.553711 0.253906 0.021484
3 0.685547 0.553711 0.222656 0.021484
2 0.793945 0.536133 0.107422 0.009766