14 0.635742 0.471680 0.212891 0.185547
15 0.633789 0.466797 0.208984 0.214844
16 0.635742 0.277344 0.212891 0.203125
5 0.238281 0.292969 0.148438 0.175781
17 0.243164 0.813477 0.486328 0.369141
6 0.067383 0.578125 0.025391 0.003906
7 0.389648 0.601562 0.216797 0.050781
4 0.313477 0.009766 0.369141 0.019531
8 0.706055 0.813477 0.583984 0.369141
9 0.598633 0.601562 0.216797 0.050781
10 0.887695 0.399414 0.220703 0.337891
11 0.772461 0.342773 0.025391 0.009766
12 0.584961 0.007812 0.169922 0.015625
0 0.229492 0.111328 0.166016 0.183594
23 0.081055 0.570312 0.052734 0.007812