14 0.584961 0.496094 0.029297 0.062500
15 0.566406 0.494141 0.066406 0.070312
16 0.927734 0.516602 0.140625 0.318359
5 0.918945 0.514648 0.158203 0.365234
17 0.584961 0.424805 0.029297 0.064453
6 0.927734 0.181641 0.140625 0.359375
7 0.772461 0.285156 0.091797 0.250000
4 0.584961 0.359375 0.029297 0.062500
8 0.903320 0.057617 0.087891 0.115234
11 0.360352 0.584961 0.263672 0.033203
12 0.728516 0.647461 0.507812 0.087891
13 0.303711 0.646484 0.369141 0.089844
0 0.710938 0.845703 0.574219 0.304688
22 0.614258 0.005859 0.251953 0.011719