14 0.574219 0.525391 0.109375 0.007812
15 0.447266 0.525391 0.156250 0.007812
16 0.579102 0.540039 0.099609 0.017578
5 0.458008 0.540039 0.169922 0.017578
17 0.611328 0.570312 0.128906 0.039062
7 0.616211 0.205078 0.197266 0.066406
4 0.408203 0.203125 0.238281 0.066406
8 0.668945 0.112305 0.279297 0.119141
9 0.378906 0.109375 0.332031 0.121094
11 0.376953 0.025391 0.351562 0.050781
12 0.888672 0.502930 0.046875 0.001953
0 0.502930 0.475586 0.111328 0.056641
23 0.195312 0.525391 0.058594 0.007812
18 0.373047 0.475586 0.011719 0.056641