14 0.244141 0.525391 0.167969 0.136719
16 0.245117 0.524414 0.166016 0.154297
17 0.242188 0.373047 0.167969 0.148438
6 0.036133 0.326172 0.072266 0.222656
5 0.899414 0.624023 0.197266 0.013672
7 0.696289 0.817383 0.603516 0.271484
4 0.638672 0.649414 0.378906 0.064453
8 0.218750 0.819336 0.437500 0.271484
11 0.230469 0.644531 0.460938 0.074219
0 0.728516 0.377930 0.238281 0.107422
15 0.468750 0.385742 0.242188 0.123047
9 0.892578 0.066406 0.210938 0.132812
12 0.672852 0.063477 0.439453 0.126953
23 0.295898 0.594727 0.279297 0.021484
10 0.934570 0.485352 0.126953 0.029297