14 0.641602 0.550781 0.201172 0.015625
15 0.420898 0.550781 0.267578 0.015625
16 0.650391 0.577148 0.183594 0.033203
5 0.437500 0.578125 0.300781 0.035156
17 0.761719 0.664062 0.339844 0.136719
6 0.422852 0.664062 0.591797 0.136719
7 0.668945 0.136719 0.255859 0.109375
4 0.404297 0.136719 0.300781 0.109375
8 0.700195 0.048828 0.287109 0.062500
9 0.389648 0.046875 0.349609 0.066406
11 0.520508 0.488281 0.126953 0.058594
12 0.520508 0.487305 0.126953 0.064453
0 0.484375 0.866211 0.968750 0.263672
23 0.058594 0.521484 0.117188 0.027344