14 0.322266 0.529297 0.164062 0.144531
16 0.323242 0.528320 0.162109 0.162109
17 0.321289 0.369141 0.166016 0.156250
6 0.082031 0.287109 0.164062 0.300781
5 0.981445 0.650391 0.033203 0.011719
7 0.803711 0.852539 0.388672 0.291016
4 0.783203 0.660156 0.429688 0.089844
8 0.347656 0.852539 0.695312 0.291016
11 0.323242 0.660156 0.505859 0.089844
0 0.827148 0.354492 0.251953 0.060547
15 0.551758 0.382812 0.251953 0.128906
9 0.959961 0.068359 0.076172 0.050781
12 0.780273 0.056641 0.435547 0.113281
23 0.585938 0.607422 0.035156 0.011719
10 0.393555 0.601562 0.310547 0.023438