14 0.847656 0.815430 0.300781 0.251953
16 0.664062 0.627930 0.074219 0.021484
17 0.965820 0.110352 0.064453 0.048828
6 0.808594 0.067383 0.378906 0.134766
5 0.855469 0.400391 0.234375 0.097656
4 0.462891 0.814453 0.925781 0.265625
8 0.457031 0.648438 0.335938 0.062500
11 0.073242 0.771484 0.146484 0.105469
0 0.588867 0.399414 0.228516 0.095703
15 0.336914 0.399414 0.236328 0.099609
12 0.446289 0.066406 0.435547 0.132812
19 0.587891 0.506836 0.226562 0.072266
1 0.096680 0.499023 0.193359 0.060547
20 0.932617 0.161133 0.130859 0.048828
21 0.764648 0.160156 0.330078 0.050781