14 0.927734 0.737305 0.140625 0.111328
16 0.790039 0.640625 0.134766 0.046875
17 0.852539 0.067383 0.291016 0.134766
6 0.000977 0.475586 0.001953 0.013672
7 0.904297 0.400391 0.187500 0.097656
4 0.568359 0.814453 0.859375 0.265625
8 0.567383 0.648438 0.365234 0.062500
11 0.153320 0.814453 0.306641 0.265625
0 0.022461 0.624023 0.044922 0.013672
15 0.667969 0.398438 0.238281 0.097656
12 0.145508 0.370117 0.240234 0.076172
19 0.461914 0.584961 0.056641 0.001953
1 0.903320 0.484375 0.189453 0.031250
20 0.666992 0.484375 0.236328 0.027344
21 0.409180 0.523438 0.240234 0.105469