14 0.105469 0.694336 0.210938 0.119141
16 0.058594 0.798828 0.117188 0.085938
17 0.141602 0.015625 0.283203 0.031250
6 0.889648 0.488281 0.095703 0.035156
5 0.886719 0.467773 0.089844 0.005859
7 0.209961 0.511719 0.001953 0.078125
4 0.238281 0.513672 0.058594 0.085938
8 0.889648 0.453125 0.095703 0.019531
11 0.207031 0.419922 0.152344 0.082031
0 0.492188 0.693359 0.730469 0.117188
15 0.499023 0.874023 0.998047 0.248047
9 0.897461 0.690430 0.201172 0.115234
23 0.745117 0.490234 0.158203 0.035156
24 0.487305 0.018555 0.427734 0.037109
1 0.841797 0.020508 0.312500 0.041016
3 0.054688 0.322266 0.109375 0.011719
2 0.392578 0.341797 0.164062 0.050781