14 0.068359 0.444336 0.128906 0.013672
15 0.109375 0.507812 0.210938 0.164062
16 0.069336 0.393555 0.130859 0.083984
5 0.499023 0.888672 0.998047 0.218750
17 0.497070 0.708008 0.583984 0.142578
7 0.456055 0.613281 0.345703 0.042969
4 0.969727 0.887695 0.056641 0.052734
8 0.848633 0.643555 0.197266 0.017578
9 0.766602 0.613281 0.361328 0.042969
11 0.414062 0.072266 0.414062 0.144531
0 0.832031 0.219727 0.195312 0.146484
1 0.584961 0.364258 0.294922 0.142578
2 0.584961 0.218750 0.294922 0.148438
3 0.286133 0.364258 0.298828 0.142578