14 0.919922 0.743164 0.156250 0.123047
16 0.779297 0.640625 0.132812 0.046875
17 0.848633 0.067383 0.298828 0.134766
6 0.901367 0.400391 0.193359 0.097656
5 0.555664 0.814453 0.884766 0.265625
7 0.556641 0.648438 0.359375 0.062500
4 0.146484 0.814453 0.292969 0.265625
8 0.187500 0.649414 0.375000 0.064453
11 0.018555 0.623047 0.037109 0.011719
0 0.401367 0.392578 0.240234 0.085938
15 0.139648 0.369141 0.240234 0.074219
12 0.190430 0.066406 0.380859 0.132812
19 0.660156 0.484375 0.238281 0.027344
24 0.401367 0.523438 0.240234 0.105469
1 0.480469 0.580078 0.003906 0.003906
20 0.140625 0.501953 0.238281 0.066406
21 0.966797 0.165039 0.062500 0.041016