14 0.418945 0.471680 0.044922 0.091797
15 0.447266 0.471680 0.101562 0.103516
16 0.428711 0.370117 0.029297 0.095703
5 0.364258 0.450195 0.017578 0.087891
17 0.419922 0.269531 0.046875 0.101562
6 0.231445 0.004883 0.005859 0.009766
7 0.309570 0.118164 0.048828 0.162109
4 0.372070 0.206055 0.017578 0.130859
8 0.468750 0.811523 0.937500 0.373047
9 0.826172 0.811523 0.343750 0.373047
11 0.659180 0.593750 0.162109 0.062500
12 0.491211 0.548828 0.166016 0.023438
13 0.601562 0.548828 0.089844 0.023438
0 0.495117 0.530273 0.115234 0.009766
2 0.448242 0.068359 0.251953 0.136719