14 0.710938 0.642578 0.085938 0.011719
15 0.959961 0.824219 0.076172 0.054688
16 0.539062 0.687500 0.238281 0.078125
5 0.902344 0.184570 0.191406 0.095703
17 0.993164 0.005859 0.009766 0.011719
4 0.499023 0.355469 0.099609 0.042969
8 0.645508 0.370117 0.119141 0.025391
11 0.084961 0.355469 0.095703 0.164062
0 0.645508 0.365234 0.119141 0.031250
23 0.844727 0.408203 0.001953 0.003906
19 0.939453 0.426758 0.011719 0.001953
20 0.860352 0.099609 0.263672 0.105469
21 0.938477 0.092773 0.107422 0.044922