14 0.942383 0.633789 0.099609 0.037109
16 0.933594 0.063477 0.128906 0.123047
17 0.078125 0.472656 0.113281 0.015625
6 0.066406 0.350586 0.132812 0.060547
5 0.970703 0.369141 0.046875 0.046875
7 0.790039 0.816406 0.416016 0.273438
4 0.779297 0.647461 0.437500 0.064453
8 0.327148 0.816406 0.654297 0.273438
11 0.328125 0.646484 0.402344 0.062500
0 0.801758 0.391602 0.240234 0.091797
15 0.539062 0.386719 0.242188 0.082031
9 0.276367 0.355469 0.240234 0.058594
12 0.772461 0.062500 0.451172 0.125000
23 0.110352 0.059570 0.220703 0.119141
19 0.800781 0.506836 0.238281 0.080078
20 0.906250 0.152344 0.183594 0.050781
21 0.703125 0.152344 0.324219 0.050781