14 0.224609 0.854492 0.449219 0.287109
15 0.586914 0.429688 0.119141 0.109375
16 0.586914 0.430664 0.119141 0.119141
5 0.578125 0.312500 0.101562 0.113281
17 0.274414 0.302734 0.228516 0.089844
6 0.259766 0.633789 0.460938 0.158203
7 0.115234 0.526367 0.132812 0.029297
4 0.275391 0.532227 0.453125 0.041016
8 0.194336 0.500977 0.126953 0.017578
9 0.350586 0.500977 0.310547 0.017578
10 0.151367 0.010742 0.033203 0.021484
11 0.330078 0.010742 0.343750 0.021484
12 0.208984 0.079102 0.109375 0.111328
0 0.688477 0.856445 0.619141 0.283203