14 0.115234 0.571289 0.226562 0.017578
15 0.131836 0.590820 0.259766 0.029297
16 0.157227 0.628906 0.314453 0.062500
5 0.116211 0.230469 0.232422 0.089844
17 0.132812 0.139648 0.265625 0.146484
6 0.151367 0.055664 0.302734 0.111328
7 0.059570 0.512695 0.115234 0.056641
4 0.059570 0.512695 0.115234 0.064453
8 0.476562 0.445312 0.027344 0.019531
9 0.261719 0.750977 0.523438 0.216797
11 0.478516 0.417969 0.031250 0.035156
0 0.420898 0.562500 0.044922 0.007812
1 0.472656 0.571289 0.011719 0.001953
2 0.328125 0.566406 0.230469 0.015625