14 0.234375 0.837891 0.468750 0.320312
15 0.644531 0.840820 0.707031 0.314453
16 0.804688 0.563477 0.015625 0.001953
5 0.798828 0.568359 0.003906 0.003906
7 0.267578 0.647461 0.480469 0.068359
4 0.633789 0.650391 0.322266 0.070312
8 0.493164 0.599609 0.064453 0.027344
9 0.603516 0.599609 0.183594 0.027344
10 0.510742 0.577148 0.044922 0.013672
11 0.591797 0.579102 0.128906 0.013672
12 0.297852 0.037109 0.423828 0.074219
0 0.383789 0.134766 0.283203 0.136719
1 0.694336 0.125977 0.365234 0.146484
23 0.920898 0.024414 0.060547 0.048828
24 0.907227 0.229492 0.017578 0.017578