14 0.170898 0.667969 0.341797 0.109375
16 0.101562 0.804688 0.203125 0.164062
17 0.521484 0.669922 0.628906 0.113281
6 0.499023 0.861328 0.998047 0.273438
5 0.167969 0.026367 0.335938 0.052734
7 0.528320 0.023438 0.419922 0.046875
4 0.440430 0.490234 0.158203 0.078125
8 0.425781 0.490234 0.128906 0.085938
11 0.431641 0.404297 0.140625 0.082031
0 0.856445 0.669922 0.283203 0.109375
15 0.936523 0.787109 0.123047 0.101562
9 0.815430 0.392578 0.087891 0.062500
22 0.956055 0.383789 0.072266 0.044922
23 0.859375 0.020508 0.277344 0.041016
19 0.267578 0.319336 0.156250 0.083984
1 0.942383 0.315430 0.111328 0.087891
20 0.153320 0.539062 0.220703 0.007812
21 0.114258 0.555664 0.228516 0.021484
3 0.336914 0.540039 0.201172 0.009766
2 0.286133 0.556641 0.275391 0.023438