14 0.047852 0.461914 0.095703 0.037109
16 0.694336 0.423828 0.091797 0.015625
17 0.035156 0.422852 0.035156 0.017578
6 0.073242 0.702148 0.146484 0.041016
5 0.041992 0.752930 0.083984 0.056641
7 0.450195 0.664062 0.720703 0.117188
4 0.499023 0.857422 0.998047 0.281250
8 0.829102 0.659180 0.337891 0.111328
11 0.907227 0.781250 0.181641 0.132812
13 0.376953 0.406250 0.156250 0.046875
0 0.592773 0.462891 0.080078 0.035156
15 0.602539 0.441406 0.064453 0.003906
9 0.577148 0.426758 0.115234 0.021484
12 0.552734 0.001953 0.218750 0.003906
23 0.695312 0.297852 0.089844 0.052734
24 0.552734 0.297852 0.164062 0.052734
1 0.266602 0.536133 0.142578 0.005859
3 0.009766 0.572266 0.015625 0.003906
2 0.157227 0.577148 0.314453 0.013672