14 0.174805 0.667969 0.349609 0.109375
16 0.119141 0.839844 0.238281 0.234375
17 0.582031 0.666992 0.679688 0.107422
6 0.499023 0.859375 0.998047 0.277344
5 0.173828 0.009766 0.347656 0.019531
7 0.549805 0.010742 0.412109 0.021484
4 0.425781 0.492188 0.156250 0.078125
8 0.416992 0.492188 0.142578 0.089844
11 0.426758 0.404297 0.162109 0.082031
13 0.250977 0.404297 0.162109 0.082031
0 0.871094 0.666016 0.253906 0.105469
15 0.971680 0.736328 0.052734 0.031250
22 0.941406 0.413086 0.109375 0.037109
23 0.872070 0.011719 0.251953 0.023438
1 0.938477 0.323242 0.119141 0.068359
3 0.321289 0.542969 0.208984 0.007812
2 0.271484 0.559570 0.289062 0.021484