14 0.586914 0.495117 0.029297 0.064453
15 0.567383 0.494141 0.068359 0.074219
16 0.934570 0.507812 0.119141 0.332031
5 0.925781 0.503906 0.136719 0.378906
17 0.586914 0.423828 0.029297 0.066406
6 0.936523 0.177734 0.119141 0.355469
7 0.784180 0.276367 0.099609 0.263672
4 0.586914 0.357422 0.029297 0.062500
8 0.921875 0.047852 0.089844 0.095703
11 0.366211 0.587891 0.251953 0.035156
12 0.733398 0.656250 0.521484 0.097656
13 0.277344 0.655273 0.417969 0.099609
0 0.711914 0.852539 0.572266 0.291016
22 0.196289 0.137695 0.033203 0.033203