14 0.332031 0.321289 0.503906 0.259766
16 0.811523 0.595703 0.373047 0.250000
17 0.820312 0.589844 0.355469 0.273438
6 0.811523 0.320312 0.373047 0.261719
5 0.014648 0.105469 0.029297 0.171875
7 0.811523 0.094727 0.373047 0.189453
4 0.152344 0.832031 0.304688 0.187500
8 0.090820 0.961914 0.181641 0.072266
11 0.590820 0.833008 0.814453 0.193359
13 0.563477 0.962891 0.869141 0.070312
0 0.964844 0.784180 0.066406 0.056641
15 0.219727 0.003906 0.267578 0.007812
12 0.014648 0.576172 0.029297 0.160156