14 0.072266 0.641602 0.144531 0.056641
16 0.287109 0.666016 0.574219 0.109375
17 0.339844 0.859375 0.679688 0.277344
6 0.071289 0.009766 0.142578 0.019531
5 0.334961 0.010742 0.412109 0.021484
7 0.971680 0.474609 0.029297 0.042969
4 0.337891 0.475586 0.144531 0.044922
8 0.326172 0.449219 0.136719 0.003906
11 0.972656 0.396484 0.031250 0.066406
0 0.157227 0.403320 0.162109 0.083984
15 0.783203 0.665039 0.429688 0.107422
22 0.675781 0.417969 0.140625 0.046875
23 0.859375 0.475586 0.156250 0.044922
24 0.965820 0.012695 0.064453 0.025391
1 0.972656 0.333984 0.031250 0.054688
3 0.500977 0.318359 0.142578 0.027344
2 0.861328 0.333984 0.156250 0.054688