14 0.082031 0.648438 0.164062 0.070312
16 0.304688 0.666016 0.609375 0.109375
17 0.377930 0.859375 0.755859 0.277344
6 0.081055 0.009766 0.162109 0.019531
5 0.356445 0.010742 0.412109 0.021484
7 0.981445 0.454102 0.033203 0.001953
4 0.359375 0.475586 0.128906 0.044922
8 0.345703 0.449219 0.117188 0.003906
11 0.992188 0.396484 0.011719 0.066406
13 0.338867 0.417969 0.150391 0.054688
0 0.166992 0.403320 0.162109 0.083984
15 0.798828 0.665039 0.398438 0.107422
9 0.806641 0.858398 0.382812 0.279297
22 0.872070 0.475586 0.150391 0.044922
23 0.875977 0.415039 0.142578 0.037109
24 0.982422 0.333984 0.031250 0.054688
1 0.341797 0.311523 0.160156 0.013672
3 0.870117 0.331055 0.158203 0.048828
2 0.083008 0.541992 0.166016 0.009766