14 0.899414 0.519531 0.173828 0.011719
15 0.584961 0.519531 0.103516 0.011719
16 0.877930 0.537109 0.130859 0.019531
5 0.692383 0.537109 0.306641 0.019531
17 0.927734 0.563477 0.140625 0.029297
6 0.745117 0.576172 0.505859 0.054688
7 0.813477 0.172852 0.005859 0.009766
4 0.610352 0.174805 0.244141 0.076172
8 0.972656 0.057617 0.050781 0.033203
9 0.661133 0.068359 0.345703 0.136719
11 0.604492 0.466797 0.115234 0.058594
0 0.745117 0.783203 0.505859 0.355469
23 0.254883 0.980469 0.509766 0.035156
18 0.335938 0.441406 0.011719 0.093750