14 0.012695 0.445312 0.025391 0.011719
15 0.596680 0.698242 0.025391 0.056641
16 0.579102 0.698242 0.060547 0.064453
5 0.787109 0.688477 0.085938 0.185547
17 0.766602 0.692383 0.029297 0.181641
6 0.594727 0.635742 0.025391 0.056641
7 0.754883 0.490234 0.037109 0.007812
4 0.701172 0.556641 0.039062 0.144531
8 0.592773 0.577148 0.025391 0.056641
9 0.765625 0.333984 0.082031 0.242188
11 0.911133 0.164062 0.173828 0.328125
12 0.186523 0.579102 0.083984 0.056641
13 0.609375 0.760742 0.187500 0.013672
0 0.378906 0.760742 0.273438 0.013672
22 0.252930 0.841797 0.505859 0.082031