14 0.424805 0.489258 0.044922 0.091797
15 0.453125 0.488281 0.101562 0.105469
16 0.433594 0.385742 0.031250 0.095703
5 0.377930 0.469727 0.017578 0.083984
17 0.425781 0.285156 0.046875 0.101562
6 0.231445 0.008789 0.009766 0.017578
7 0.309570 0.106445 0.056641 0.212891
4 0.377930 0.267578 0.017578 0.046875
8 0.465820 0.823242 0.931641 0.349609
9 0.833984 0.824219 0.328125 0.347656
11 0.673828 0.615234 0.175781 0.066406
12 0.497070 0.568359 0.169922 0.023438
13 0.611328 0.568359 0.093750 0.023438
0 0.501953 0.548828 0.117188 0.011719
2 0.453125 0.076172 0.257812 0.152344