14 0.583008 0.540039 0.150391 0.013672
15 0.583984 0.563477 0.148438 0.029297
16 0.956055 0.599609 0.083984 0.027344
5 0.754883 0.616211 0.486328 0.072266
17 0.838867 0.197266 0.259766 0.070312
6 0.636719 0.197266 0.257812 0.070312
7 0.841797 0.095703 0.144531 0.128906
4 0.693359 0.096680 0.367188 0.130859
8 0.910156 0.014648 0.062500 0.029297
9 0.720703 0.014648 0.363281 0.029297
11 0.622070 0.478516 0.115234 0.058594
0 0.758789 0.826172 0.478516 0.343750
23 0.466797 0.478516 0.054688 0.050781
18 0.370117 0.485352 0.029297 0.130859