14 0.888672 0.794922 0.218750 0.191406
16 0.841797 0.658203 0.312500 0.082031
17 0.499023 0.846680 0.998047 0.298828
6 0.557617 0.657227 0.435547 0.080078
5 0.842773 0.068359 0.310547 0.136719
7 0.530273 0.070312 0.451172 0.140625
4 0.656250 0.392578 0.242188 0.125000
8 0.899414 0.391602 0.197266 0.126953
11 0.116211 0.835938 0.232422 0.281250
0 0.394531 0.392578 0.242188 0.125000
15 0.134766 0.389648 0.234375 0.115234
1 0.898438 0.523438 0.199219 0.132812
20 0.656250 0.524414 0.242188 0.119141
2 0.396484 0.460938 0.238281 0.007812