14 0.911133 0.685547 0.173828 0.078125
16 0.710938 0.870117 0.574219 0.255859
17 0.730469 0.693359 0.535156 0.093750
6 0.230469 0.870117 0.460938 0.255859
5 0.334961 0.693359 0.279297 0.093750
7 0.909180 0.064453 0.177734 0.128906
4 0.700195 0.064453 0.462891 0.128906
8 0.240234 0.063477 0.468750 0.126953
11 0.479492 0.405273 0.259766 0.134766
0 0.198242 0.402344 0.255859 0.128906
15 0.020508 0.358398 0.041016 0.017578
23 0.343750 0.631836 0.269531 0.025391
1 0.492188 0.545898 0.238281 0.142578
20 0.198242 0.529297 0.255859 0.089844