14 0.419922 0.480469 0.050781 0.097656
15 0.450195 0.478516 0.111328 0.113281
16 0.423828 0.370117 0.042969 0.103516
5 0.365234 0.458008 0.023438 0.095703
17 0.420898 0.264648 0.048828 0.103516
6 0.275391 0.084961 0.089844 0.169922
7 0.365234 0.234375 0.023438 0.058594
4 0.475586 0.839844 0.951172 0.316406
8 0.865234 0.840820 0.265625 0.314453
9 0.456055 0.631836 0.369141 0.095703
11 0.497070 0.567383 0.193359 0.029297
12 0.624023 0.567383 0.107422 0.029297
13 0.501953 0.543945 0.128906 0.013672
0 0.586914 0.543945 0.060547 0.013672
2 0.447266 0.054688 0.273438 0.109375