14 0.405273 0.497070 0.060547 0.123047
15 0.442383 0.498047 0.134766 0.132812
16 0.417969 0.367188 0.039062 0.125000
5 0.334961 0.429688 0.037109 0.019531
17 0.408203 0.237305 0.058594 0.130859
6 0.333984 0.182617 0.039062 0.095703
7 0.504883 0.841797 0.833984 0.312500
4 0.833008 0.841797 0.330078 0.312500
8 0.505859 0.641602 0.316406 0.083984
9 0.795898 0.641602 0.396484 0.083984
11 0.760742 0.583008 0.380859 0.033203
12 0.475586 0.016602 0.251953 0.033203
0 0.481445 0.102539 0.228516 0.134766
1 0.772461 0.101562 0.404297 0.136719