14 0.550781 0.495117 0.027344 0.056641
15 0.533203 0.494141 0.062500 0.066406
16 0.841797 0.500977 0.179688 0.271484
5 0.795898 0.505859 0.115234 0.265625
17 0.550781 0.429688 0.027344 0.062500
6 0.840820 0.193359 0.177734 0.386719
7 0.693359 0.322266 0.058594 0.195312
4 0.550781 0.368164 0.027344 0.056641
8 0.837891 0.095703 0.171875 0.191406
11 0.337891 0.572266 0.250000 0.023438
12 0.632812 0.613281 0.375000 0.054688
13 0.332031 0.613281 0.250000 0.054688
0 0.690430 0.763672 0.615234 0.246094
22 0.573242 0.141602 0.228516 0.111328