14 0.592773 0.507812 0.021484 0.050781
15 0.576172 0.506836 0.054688 0.056641
16 0.754883 0.506836 0.064453 0.154297
5 0.733398 0.507812 0.021484 0.148438
17 0.592773 0.449219 0.021484 0.054688
6 0.754883 0.286133 0.064453 0.115234
7 0.688477 0.381836 0.029297 0.130859
4 0.592773 0.392578 0.021484 0.054688
8 0.753906 0.181641 0.062500 0.222656
9 0.688477 0.279297 0.029297 0.132812
11 0.187500 0.394531 0.105469 0.054688
12 0.603516 0.563477 0.171875 0.013672
13 0.476562 0.563477 0.082031 0.013672
0 0.612305 0.583984 0.201172 0.023438
1 0.383789 0.583984 0.263672 0.023438
2 0.623047 0.625977 0.246094 0.056641
22 0.722656 0.790039 0.550781 0.271484
23 0.249023 0.784180 0.498047 0.263672