14 0.458008 0.528320 0.142578 0.142578
16 0.458008 0.526367 0.142578 0.158203
17 0.457031 0.369141 0.144531 0.156250
6 0.282227 0.241211 0.138672 0.392578
5 0.916992 0.766602 0.162109 0.119141
7 0.854492 0.660156 0.287109 0.089844
4 0.534180 0.852539 0.927734 0.291016
8 0.571289 0.660156 0.521484 0.089844
11 0.912109 0.375977 0.171875 0.107422
0 0.857422 0.056641 0.281250 0.113281
15 0.560547 0.056641 0.441406 0.113281
9 0.784180 0.604492 0.181641 0.021484
12 0.546875 0.601562 0.320312 0.023438
23 0.675781 0.519531 0.250000 0.121094
10 0.605469 0.518555 0.113281 0.138672