14 0.331055 0.605469 0.224609 0.015625
15 0.137695 0.607422 0.166016 0.015625
16 0.347656 0.626953 0.257812 0.027344
5 0.353516 0.674805 0.371094 0.072266
17 0.317383 0.267578 0.251953 0.078125
6 0.166992 0.261719 0.111328 0.074219
7 0.300781 0.170898 0.355469 0.142578
4 0.096680 0.158203 0.181641 0.136719
8 0.297852 0.062500 0.435547 0.125000
9 0.059570 0.053711 0.119141 0.087891
11 0.278320 0.545898 0.119141 0.060547
0 0.445312 0.849609 0.890625 0.296875
1 0.112305 0.460938 0.044922 0.011719
2 0.694336 0.444336 0.033203 0.037109