14 0.405273 0.497070 0.060547 0.123047
15 0.442383 0.498047 0.134766 0.132812
16 0.417969 0.367188 0.039062 0.125000
5 0.333984 0.429688 0.039062 0.019531
17 0.408203 0.237305 0.058594 0.130859
6 0.333984 0.181641 0.039062 0.097656
7 0.500977 0.842773 0.841797 0.310547
4 0.833008 0.842773 0.330078 0.310547
8 0.505859 0.643555 0.320312 0.083984
9 0.797852 0.643555 0.400391 0.083984
11 0.760742 0.583008 0.380859 0.033203
12 0.474609 0.015625 0.253906 0.031250
0 0.481445 0.101562 0.228516 0.136719
1 0.773438 0.100586 0.406250 0.138672