14 0.603516 0.538086 0.144531 0.009766
15 0.441406 0.538086 0.195312 0.009766
16 0.609375 0.556641 0.132812 0.023438
5 0.453125 0.556641 0.218750 0.023438
17 0.663086 0.604492 0.193359 0.068359
7 0.640625 0.175781 0.218750 0.085938
4 0.411133 0.174805 0.259766 0.083984
8 0.696289 0.066406 0.306641 0.132812
9 0.373047 0.065430 0.375000 0.130859
11 0.943359 0.512695 0.082031 0.001953
12 0.512695 0.483398 0.119141 0.052734
0 0.815430 0.819336 0.365234 0.357422
23 0.348633 0.483398 0.064453 0.052734
18 0.106445 0.541992 0.064453 0.013672