14 0.948242 0.403320 0.099609 0.080078
15 0.075195 0.375000 0.025391 0.011719
16 0.993164 0.049805 0.009766 0.009766
5 0.979492 0.119141 0.037109 0.125000
17 0.979492 0.199219 0.037109 0.035156
6 0.974609 0.273438 0.031250 0.039062
7 0.051758 0.164062 0.072266 0.152344
4 0.499023 0.835938 0.998047 0.324219
8 0.071289 0.619141 0.099609 0.031250
9 0.505859 0.633789 0.382812 0.076172
11 0.511719 0.580078 0.214844 0.031250
13 0.507812 0.554688 0.152344 0.015625
0 0.939453 0.809570 0.117188 0.271484
1 0.851562 0.634766 0.292969 0.074219
2 0.756836 0.580078 0.130859 0.031250
3 0.649414 0.554688 0.154297 0.015625