14 0.907227 0.664062 0.181641 0.082031
16 0.703125 0.857422 0.589844 0.281250
17 0.726562 0.668945 0.542969 0.091797
6 0.226562 0.857422 0.453125 0.281250
5 0.328125 0.669922 0.281250 0.093750
7 0.908203 0.050781 0.179688 0.101562
4 0.684570 0.050781 0.439453 0.101562
8 0.245117 0.050781 0.447266 0.101562
11 0.474609 0.381836 0.261719 0.134766
0 0.192383 0.377930 0.259766 0.126953
15 0.017578 0.334961 0.035156 0.017578
23 0.337891 0.608398 0.273438 0.025391
1 0.486328 0.522461 0.238281 0.142578
20 0.193359 0.507812 0.257812 0.089844