14 0.416992 0.497070 0.052734 0.107422
15 0.450195 0.498047 0.115234 0.117188
16 0.428711 0.381836 0.033203 0.111328
5 0.356445 0.440430 0.033203 0.017578
17 0.419922 0.266602 0.050781 0.115234
6 0.261719 0.083984 0.101562 0.167969
7 0.361328 0.239258 0.023438 0.060547
4 0.471680 0.922852 0.876953 0.150391
8 0.895508 0.923828 0.205078 0.148438
9 0.456055 0.744141 0.666016 0.207031
11 0.513672 0.611328 0.218750 0.054688
12 0.778320 0.612305 0.388672 0.052734
13 0.509766 0.571289 0.140625 0.025391
0 0.713867 0.571289 0.306641 0.025391
1 0.455078 0.052734 0.292969 0.105469