14 0.980469 0.650391 0.035156 0.039062
16 0.807617 0.813477 0.380859 0.193359
17 0.980469 0.674805 0.035156 0.025391
6 0.929688 0.106445 0.136719 0.130859
5 0.776367 0.084961 0.443359 0.169922
7 0.799805 0.420898 0.232422 0.115234
4 0.969727 0.417969 0.056641 0.121094
8 0.358398 0.803711 0.716797 0.220703
11 0.381836 0.663086 0.388672 0.060547
0 0.203125 0.644531 0.031250 0.023438
15 0.542969 0.420898 0.234375 0.115234
1 0.132812 0.625977 0.265625 0.009766
20 0.978516 0.545898 0.039062 0.115234
21 0.978516 0.545898 0.039062 0.130859