14 0.139648 0.694336 0.279297 0.119141
16 0.102539 0.854492 0.205078 0.197266
17 0.165039 0.015625 0.330078 0.031250
6 0.907227 0.488281 0.091797 0.035156
8 0.906250 0.452148 0.089844 0.017578
11 0.228516 0.427734 0.156250 0.066406
0 0.577148 0.693359 0.728516 0.117188
15 0.499023 0.874023 0.998047 0.248047
9 0.932617 0.727539 0.130859 0.041016
22 0.588867 0.416016 0.150391 0.070312
23 0.765625 0.490234 0.160156 0.035156
24 0.536133 0.018555 0.427734 0.037109
1 0.865234 0.020508 0.265625 0.041016
3 0.065430 0.321289 0.130859 0.013672
2 0.412109 0.343750 0.164062 0.054688