14 0.598633 0.490234 0.091797 0.007812
15 0.598633 0.502930 0.091797 0.013672
16 0.606445 0.524414 0.103516 0.025391
5 0.832031 0.223633 0.230469 0.044922
17 0.650391 0.226562 0.191406 0.042969
6 0.857422 0.169922 0.210938 0.066406
7 0.679688 0.170898 0.250000 0.068359
4 0.869141 0.074219 0.121094 0.121094
8 0.732422 0.077148 0.351562 0.126953
9 0.633789 0.442383 0.060547 0.044922
12 0.776367 0.570312 0.443359 0.062500
0 0.783203 0.925781 0.429688 0.144531
23 0.504883 0.489258 0.091797 0.009766
18 0.314453 0.724609 0.503906 0.253906