14 0.370117 0.571289 0.154297 0.138672
16 0.369141 0.571289 0.156250 0.154297
17 0.370117 0.423828 0.154297 0.148438
6 0.115234 0.298828 0.230469 0.355469
5 0.963867 0.667969 0.068359 0.019531
7 0.828125 0.870117 0.339844 0.224609
4 0.799805 0.689453 0.396484 0.066406
8 0.379883 0.847656 0.759766 0.257812
11 0.379883 0.687500 0.474609 0.066406
0 0.589844 0.436523 0.242188 0.123047
15 0.973633 0.129883 0.048828 0.033203
9 0.797852 0.091797 0.400391 0.183594
23 0.947266 0.652344 0.101562 0.007812
10 0.764648 0.646484 0.310547 0.019531