14 0.159180 0.667969 0.318359 0.109375
16 0.090820 0.794922 0.181641 0.144531
17 0.526367 0.666992 0.681641 0.107422
6 0.499023 0.859375 0.998047 0.277344
5 0.157227 0.009766 0.314453 0.019531
7 0.516602 0.010742 0.412109 0.021484
4 0.384766 0.492188 0.105469 0.078125
8 0.384766 0.492188 0.105469 0.089844
11 0.413086 0.404297 0.162109 0.082031
0 0.854492 0.665039 0.287109 0.107422
15 0.942383 0.755859 0.111328 0.070312
22 0.973633 0.429688 0.001953 0.003906
23 0.855469 0.011719 0.285156 0.023438
1 0.932617 0.332031 0.130859 0.050781
3 0.305664 0.542969 0.208984 0.007812
2 0.250977 0.559570 0.294922 0.021484