14 0.857422 0.566406 0.140625 0.007812
15 0.607422 0.566406 0.085938 0.007812
16 0.857422 0.580078 0.140625 0.015625
5 0.705078 0.580078 0.273438 0.015625
17 0.889648 0.596680 0.076172 0.013672
6 0.728516 0.605469 0.398438 0.035156
7 0.834961 0.252930 0.005859 0.005859
4 0.633789 0.260742 0.208984 0.060547
8 0.972656 0.134766 0.031250 0.023438
9 0.664062 0.177734 0.269531 0.105469
11 0.716797 0.063477 0.375000 0.126953
0 0.401367 0.368164 0.013672 0.017578
23 0.268555 0.872070 0.537109 0.251953
18 0.400391 0.498047 0.015625 0.082031