14 0.865234 0.319336 0.093750 0.044922
15 0.467773 0.343750 0.255859 0.125000
16 0.193359 0.814453 0.386719 0.363281
5 0.532227 0.815430 0.931641 0.365234
17 0.368164 0.600586 0.146484 0.060547
7 0.420898 0.556641 0.083984 0.023438
4 0.540039 0.557617 0.189453 0.021484
8 0.974609 0.267578 0.027344 0.015625
9 0.299805 0.074219 0.326172 0.148438
10 0.633789 0.073242 0.376953 0.146484
11 0.966797 0.588867 0.062500 0.037109
12 0.976562 0.521484 0.035156 0.003906
0 0.465820 0.212891 0.263672 0.132812
23 0.042969 0.280273 0.003906 0.001953
19 0.207031 0.516602 0.250000 0.033203
20 0.531250 0.477539 0.128906 0.119141
21 0.532227 0.476562 0.130859 0.136719