14 0.170898 0.839844 0.341797 0.316406
15 0.511719 0.839844 0.867188 0.316406
16 0.820312 0.525391 0.039062 0.007812
5 0.802734 0.533203 0.003906 0.003906
17 0.511719 0.370117 0.210938 0.103516
7 0.599609 0.632812 0.398438 0.097656
4 0.419922 0.570312 0.027344 0.023438
8 0.597656 0.568359 0.164062 0.031250
9 0.479492 0.540039 0.052734 0.009766
10 0.565430 0.543945 0.126953 0.013672
11 0.322266 0.062500 0.343750 0.125000
12 0.654297 0.059570 0.359375 0.119141
0 0.634766 0.163086 0.277344 0.095703
1 0.802734 0.541016 0.003906 0.007812
2 0.847656 0.098633 0.089844 0.025391
3 0.839844 0.112305 0.074219 0.001953
23 0.309570 0.387695 0.169922 0.072266
19 0.326172 0.254883 0.148438 0.080078
20 0.312500 0.479492 0.175781 0.095703
21 0.353516 0.427734 0.007812 0.003906