14 0.218750 0.571289 0.175781 0.142578
16 0.219727 0.570312 0.173828 0.160156
17 0.220703 0.418945 0.171875 0.154297
6 0.022461 0.368164 0.044922 0.212891
5 0.796875 0.664062 0.035156 0.019531
7 0.672852 0.849609 0.650391 0.257812
4 0.619141 0.687500 0.390625 0.066406
8 0.208008 0.852539 0.416016 0.259766
11 0.220703 0.688477 0.441406 0.068359
0 0.709961 0.434570 0.236328 0.123047
15 0.449219 0.434570 0.242188 0.123047
9 0.883789 0.093750 0.228516 0.187500
12 0.664062 0.077148 0.468750 0.154297
23 0.870117 0.648438 0.255859 0.007812
10 0.602539 0.648438 0.314453 0.007812