14 0.335938 0.572266 0.160156 0.136719
16 0.335938 0.571289 0.160156 0.154297
17 0.337891 0.423828 0.160156 0.148438
6 0.093750 0.325195 0.187500 0.306641
5 0.933594 0.671875 0.085938 0.027344
7 0.791016 0.866211 0.414062 0.236328
4 0.772461 0.690430 0.408203 0.068359
8 0.309570 0.847656 0.619141 0.257812
11 0.327148 0.687500 0.482422 0.066406
0 0.824219 0.434570 0.246094 0.126953
15 0.558594 0.436523 0.242188 0.123047
9 0.953125 0.113281 0.089844 0.125000
12 0.780273 0.077148 0.435547 0.154297
23 0.334961 0.094727 0.470703 0.189453
10 0.929688 0.652344 0.136719 0.007812