14 0.895508 0.540039 0.181641 0.009766
15 0.589844 0.540039 0.097656 0.009766
16 0.895508 0.555664 0.181641 0.017578
5 0.693359 0.555664 0.289062 0.017578
17 0.922852 0.581055 0.150391 0.029297
6 0.748047 0.588867 0.488281 0.044922
7 0.824219 0.211914 0.089844 0.068359
4 0.615234 0.211914 0.230469 0.068359
8 0.898438 0.160156 0.007812 0.007812
9 0.665039 0.114258 0.326172 0.123047
11 0.693359 0.025391 0.339844 0.050781
23 0.421875 0.595703 0.164062 0.031250
18 0.461914 0.487305 0.052734 0.056641