14 0.988281 0.122070 0.019531 0.021484
16 0.125000 0.525391 0.183594 0.136719
17 0.111328 0.524414 0.148438 0.154297
6 0.123047 0.372070 0.187500 0.150391
5 0.887695 0.795898 0.220703 0.228516
7 0.826172 0.648438 0.332031 0.062500
4 0.499023 0.817383 0.998047 0.271484
8 0.474609 0.648438 0.367188 0.062500
11 0.098633 0.788086 0.197266 0.208984
0 0.880859 0.393555 0.234375 0.087891
15 0.620117 0.382812 0.240234 0.101562
9 0.360352 0.359375 0.240234 0.054688
12 0.824219 0.066406 0.347656 0.132812
23 0.164062 0.065430 0.328125 0.130859
20 0.360352 0.476562 0.240234 0.015625