14 0.553711 0.495117 0.029297 0.060547
15 0.535156 0.494141 0.066406 0.070312
16 0.900391 0.505859 0.195312 0.371094
5 0.892578 0.510742 0.210938 0.380859
17 0.553711 0.424805 0.029297 0.064453
6 0.870117 0.183594 0.134766 0.363281
7 0.725586 0.291992 0.080078 0.236328
4 0.553711 0.360352 0.029297 0.060547
8 0.861328 0.063477 0.113281 0.126953
11 0.586914 0.582031 0.267578 0.031250
12 0.307617 0.582031 0.302734 0.031250
13 0.672852 0.639648 0.486328 0.083984
0 0.258789 0.640625 0.380859 0.082031
22 0.293945 0.090820 0.330078 0.146484
23 0.571289 0.010742 0.240234 0.021484