14 0.974609 0.400391 0.046875 0.078125
15 0.092773 0.309570 0.123047 0.158203
16 0.190430 0.481445 0.005859 0.072266
5 0.989258 0.078125 0.017578 0.015625
17 0.956055 0.139648 0.083984 0.103516
6 0.939453 0.223633 0.117188 0.060547
7 0.942383 0.299805 0.111328 0.087891
4 0.092773 0.169922 0.123047 0.230469
8 0.211914 0.270508 0.052734 0.068359
9 0.499023 0.922852 0.998047 0.150391
11 0.464844 0.751953 0.929688 0.230469
12 0.110352 0.605469 0.220703 0.054688
13 0.537109 0.609375 0.320312 0.058594
0 0.218750 0.573242 0.054688 0.005859
1 0.541992 0.565430 0.193359 0.025391
2 0.369141 0.545898 0.007812 0.001953
3 0.540039 0.543945 0.138672 0.013672