14 0.957031 0.709961 0.082031 0.033203
16 0.883789 0.661133 0.228516 0.060547
17 0.679688 0.801758 0.636719 0.216797
6 0.839844 0.663086 0.140625 0.056641
5 0.877930 0.085938 0.240234 0.171875
7 0.663086 0.085938 0.455078 0.171875
4 0.714844 0.417969 0.234375 0.121094
8 0.925781 0.417969 0.144531 0.121094
11 0.208008 0.802734 0.416016 0.218750
0 0.028320 0.652344 0.029297 0.039062
15 0.458008 0.420898 0.236328 0.115234
19 0.883789 0.621094 0.228516 0.015625
1 0.094727 0.625977 0.154297 0.009766
20 0.926758 0.545898 0.142578 0.115234
21 0.926758 0.545898 0.142578 0.130859
2 0.715820 0.545898 0.236328 0.130859