14 0.839844 0.461914 0.316406 0.029297
15 0.701172 0.454102 0.058594 0.017578
16 0.834961 0.495117 0.326172 0.060547
5 0.489258 0.474609 0.373047 0.019531
17 0.765625 0.602539 0.464844 0.185547
6 0.170898 0.531250 0.263672 0.089844
7 0.851562 0.039062 0.292969 0.078125
4 0.595703 0.045898 0.300781 0.091797
8 0.816406 0.386719 0.144531 0.062500
9 0.816406 0.385742 0.144531 0.072266
11 0.279297 0.194336 0.128906 0.041016
0 0.663086 0.325195 0.001953 0.052734
23 0.819336 0.314453 0.146484 0.070312
19 0.942383 0.386719 0.111328 0.066406
20 0.942383 0.385742 0.111328 0.076172
21 0.947266 0.237305 0.101562 0.080078