14 0.511719 0.481445 0.042969 0.025391
15 0.496094 0.499023 0.011719 0.005859
16 0.554688 0.299805 0.019531 0.005859
5 0.154297 0.245117 0.304688 0.189453
17 0.017578 0.780273 0.035156 0.080078
7 0.057617 0.652344 0.115234 0.179688
4 0.503906 0.643555 0.929688 0.189453
8 0.069336 0.540039 0.130859 0.048828
9 0.252930 0.534180 0.271484 0.052734
10 0.908203 0.206055 0.113281 0.037109
11 0.359375 0.017578 0.226562 0.035156
12 0.959961 0.597656 0.021484 0.058594
0 0.510742 0.021484 0.095703 0.042969