14 0.235352 0.848633 0.470703 0.298828
15 0.585938 0.503906 0.105469 0.097656
16 0.584961 0.503906 0.107422 0.109375
5 0.573242 0.397461 0.080078 0.099609
17 0.306641 0.399414 0.203125 0.099609
6 0.361328 0.654297 0.273438 0.089844
4 0.366211 0.591797 0.283203 0.031250
8 0.250000 0.566406 0.105469 0.015625
9 0.375000 0.566406 0.277344 0.015625
12 0.126953 0.082031 0.210938 0.160156
0 0.189453 0.203125 0.230469 0.082031
23 0.552734 0.567383 0.082031 0.013672
18 0.667969 0.490234 0.023438 0.105469