14 0.478516 0.628906 0.042969 0.093750
15 0.508789 0.628906 0.099609 0.105469
16 0.009766 0.521484 0.019531 0.257812
5 0.025391 0.379883 0.050781 0.060547
17 0.486328 0.527344 0.031250 0.093750
6 0.025391 0.179688 0.050781 0.359375
7 0.431641 0.581055 0.019531 0.013672
4 0.481445 0.431641 0.041016 0.093750
8 0.233398 0.103516 0.193359 0.207031
9 0.379883 0.273438 0.029297 0.207031
11 0.457031 0.913086 0.796875 0.169922
12 0.862305 0.916016 0.271484 0.164062
13 0.483398 0.785156 0.478516 0.093750
0 0.749023 0.786133 0.197266 0.095703