14 0.499023 0.529297 0.083984 0.082031
16 0.501953 0.530273 0.089844 0.095703
17 0.499023 0.438477 0.083984 0.087891
6 0.860352 0.210938 0.275391 0.421875
5 0.133789 0.708984 0.267578 0.117188
7 0.063477 0.820312 0.126953 0.105469
4 0.481445 0.706055 0.701172 0.119141
8 0.499023 0.875000 0.998047 0.246094
11 0.184570 0.431641 0.154297 0.070312
0 0.360352 0.528320 0.166016 0.091797
15 0.360352 0.438477 0.166016 0.083984
9 0.134766 0.029297 0.269531 0.058594
12 0.472656 0.036133 0.445312 0.072266
1 0.272461 0.595703 0.146484 0.019531
2 0.155273 0.632812 0.310547 0.039062