14 0.725586 0.533203 0.029297 0.003906
15 0.640625 0.540039 0.199219 0.017578
16 0.640625 0.572266 0.199219 0.042969
5 0.715820 0.706055 0.548828 0.224609
17 0.772461 0.119141 0.119141 0.082031
6 0.615234 0.090820 0.308594 0.134766
7 0.613281 0.013672 0.304688 0.027344
4 0.596680 0.475586 0.130859 0.060547
8 0.598633 0.474609 0.130859 0.066406
9 0.146484 0.206055 0.078125 0.224609
11 0.712891 0.905273 0.570312 0.185547
12 0.300781 0.541016 0.031250 0.015625
0 0.223633 0.748047 0.447266 0.152344
18 0.360352 0.088867 0.201172 0.134766