14 0.116211 0.725586 0.232422 0.123047
16 0.008789 0.793945 0.017578 0.009766
17 0.395508 0.724609 0.744141 0.125000
6 0.499023 0.890625 0.998047 0.214844
5 0.119141 0.029297 0.238281 0.058594
7 0.434570 0.032227 0.451172 0.064453
8 0.370117 0.538086 0.166016 0.080078
11 0.360352 0.537109 0.146484 0.089844
0 0.365234 0.448242 0.152344 0.083984
15 0.190430 0.448242 0.166016 0.083984
9 0.870117 0.721680 0.255859 0.119141
22 0.733398 0.447266 0.123047 0.078125
23 0.951172 0.522461 0.058594 0.048828
1 0.191406 0.360352 0.164062 0.087891
3 0.094727 0.588867 0.189453 0.009766
2 0.067383 0.606445 0.134766 0.021484