14 0.012695 0.586914 0.025391 0.005859
16 0.213867 0.641602 0.427734 0.115234
17 0.180664 0.849609 0.361328 0.296875
6 0.680664 0.643555 0.634766 0.119141
5 0.594727 0.849609 0.806641 0.296875
7 0.474609 0.459961 0.164062 0.080078
4 0.465820 0.459961 0.150391 0.091797
8 0.473633 0.370117 0.166016 0.083984
11 0.294922 0.370117 0.164062 0.083984
0 0.802734 0.397461 0.101562 0.013672
15 0.473633 0.281250 0.166016 0.089844
22 0.970703 0.265625 0.054688 0.011719
23 0.176758 0.510742 0.236328 0.009766
1 0.526367 0.510742 0.115234 0.009766
3 0.244141 0.560547 0.417969 0.042969
2 0.530273 0.561523 0.197266 0.041016