14 0.029297 0.688477 0.058594 0.017578
16 0.096680 0.022461 0.193359 0.044922
17 0.880859 0.455078 0.078125 0.007812
6 0.885742 0.447266 0.056641 0.003906
5 0.206055 0.484375 0.154297 0.058594
7 0.890625 0.399414 0.066406 0.087891
4 0.177734 0.370117 0.101562 0.013672
8 0.055664 0.404297 0.111328 0.082031
11 0.307617 0.675781 0.615234 0.117188
0 0.801758 0.678711 0.392578 0.119141
15 0.808594 0.867188 0.378906 0.261719
9 0.984375 0.625977 0.027344 0.009766
12 0.556641 0.402344 0.148438 0.082031
24 0.988281 0.019531 0.019531 0.019531
1 0.882812 0.313477 0.082031 0.091797
20 0.202148 0.318359 0.150391 0.085938
3 0.375977 0.317383 0.158203 0.087891
2 0.721680 0.315430 0.150391 0.087891