14 0.494141 0.541016 0.191406 0.011719
15 0.509766 0.558594 0.222656 0.019531
16 0.209961 0.554688 0.017578 0.003906
5 0.521484 0.592773 0.300781 0.044922
17 0.477539 0.228516 0.228516 0.058594
6 0.346680 0.228516 0.083984 0.058594
7 0.464844 0.144531 0.316406 0.105469
4 0.287109 0.144531 0.113281 0.105469
8 0.458984 0.060547 0.363281 0.058594
9 0.248047 0.062500 0.109375 0.058594
11 0.436523 0.487305 0.107422 0.056641
0 0.544922 0.705078 0.722656 0.175781
2 0.303711 0.408203 0.009766 0.003906
19 0.439453 0.375977 0.101562 0.052734