14 0.992188 0.713867 0.011719 0.005859
16 0.924805 0.663086 0.146484 0.091797
17 0.688477 0.854492 0.619141 0.287109
6 0.758789 0.677734 0.443359 0.062500
5 0.904297 0.054688 0.187500 0.109375
7 0.680664 0.055664 0.443359 0.111328
4 0.751953 0.381836 0.253906 0.130859
8 0.951172 0.381836 0.093750 0.130859
11 0.214844 0.854492 0.429688 0.287109
0 0.016602 0.652344 0.033203 0.011719
15 0.476562 0.395508 0.253906 0.103516
19 0.397461 0.604492 0.005859 0.005859
1 0.950195 0.519531 0.095703 0.140625
21 0.753906 0.518555 0.253906 0.138672
2 0.476562 0.454102 0.253906 0.005859