14 0.653320 0.476562 0.087891 0.082031
16 0.659180 0.478516 0.099609 0.097656
17 0.031250 0.454102 0.062500 0.033203
5 0.654297 0.384766 0.089844 0.089844
7 0.262695 0.653320 0.525391 0.111328
4 0.273438 0.853516 0.546875 0.289062
8 0.758789 0.654297 0.478516 0.113281
11 0.762695 0.854492 0.470703 0.287109
0 0.560547 0.476562 0.070312 0.078125
15 0.560547 0.475586 0.070312 0.087891
9 0.537109 0.387695 0.117188 0.083984
12 0.654297 0.298828 0.089844 0.089844
23 0.157227 0.288086 0.158203 0.064453
1 0.113281 0.576172 0.226562 0.031250
2 0.047852 0.196289 0.095703 0.044922