14 0.623047 0.493164 0.042969 0.025391
15 0.607422 0.510742 0.011719 0.005859
16 0.669922 0.309570 0.019531 0.005859
5 0.250977 0.267578 0.341797 0.171875
17 0.083984 0.866211 0.167969 0.263672
7 0.121094 0.656250 0.242188 0.179688
4 0.583984 0.646484 0.828125 0.171875
8 0.202148 0.544922 0.119141 0.046875
9 0.336914 0.541992 0.185547 0.044922
10 0.995117 0.220703 0.005859 0.003906
11 0.189453 0.006836 0.125000 0.013672
12 0.432617 0.024414 0.357422 0.048828
0 0.877930 0.545898 0.029297 0.001953