14 0.760742 0.541992 0.072266 0.013672
15 0.681641 0.544922 0.230469 0.019531
16 0.676758 0.583008 0.240234 0.052734
5 0.702148 0.804688 0.591797 0.386719
17 0.804688 0.070312 0.160156 0.140625
6 0.643555 0.070312 0.369141 0.140625
7 0.600586 0.477539 0.134766 0.060547
4 0.600586 0.476562 0.134766 0.070312
8 0.090820 0.141602 0.146484 0.275391
9 0.238281 0.250977 0.074219 0.248047
11 0.234375 0.573242 0.019531 0.029297
12 0.213867 0.866211 0.427734 0.263672
0 0.416992 0.476562 0.044922 0.070312
18 0.410156 0.338867 0.050781 0.068359