14 0.934570 0.718750 0.126953 0.050781
16 0.783203 0.893555 0.429688 0.208984
17 0.769531 0.740234 0.457031 0.093750
6 0.313477 0.893555 0.626953 0.208984
5 0.320312 0.741211 0.488281 0.091797
7 0.929688 0.142578 0.136719 0.125000
4 0.781250 0.002930 0.433594 0.005859
8 0.768555 0.105469 0.458984 0.199219
11 0.304688 0.001953 0.515625 0.003906
0 0.530273 0.460938 0.248047 0.128906
15 0.799805 0.460938 0.248047 0.128906
19 0.903320 0.678711 0.189453 0.025391
20 0.802734 0.596680 0.250000 0.123047
21 0.802734 0.596680 0.250000 0.138672
2 0.530273 0.596680 0.251953 0.138672