14 0.493164 0.505859 0.083984 0.082031
16 0.496094 0.506836 0.089844 0.095703
17 0.493164 0.415039 0.083984 0.087891
6 0.862305 0.200195 0.271484 0.400391
5 0.132812 0.687500 0.265625 0.117188
7 0.068359 0.805664 0.136719 0.123047
4 0.488281 0.682617 0.695312 0.119141
8 0.499023 0.862305 0.998047 0.271484
11 0.189453 0.413086 0.132812 0.080078
0 0.354492 0.505859 0.166016 0.089844
15 0.353516 0.416016 0.164062 0.085938
9 0.132812 0.013672 0.265625 0.027344
12 0.470703 0.022461 0.425781 0.044922
1 0.288086 0.572266 0.107422 0.019531
2 0.462891 0.604492 0.382812 0.044922