14 0.024414 0.673828 0.048828 0.019531
16 0.087891 0.004883 0.175781 0.009766
17 0.816406 0.483398 0.042969 0.076172
6 0.824219 0.526367 0.011719 0.001953
5 0.172852 0.467773 0.158203 0.044922
4 0.842773 0.425781 0.095703 0.011719
8 0.159180 0.410156 0.130859 0.046875
11 0.031250 0.395508 0.062500 0.083984
13 0.319336 0.657227 0.638672 0.107422
0 0.412109 0.854492 0.824219 0.287109
15 0.807617 0.656250 0.380859 0.105469
9 0.820312 0.853516 0.355469 0.289062
24 0.778320 0.007812 0.408203 0.015625
1 0.981445 0.008789 0.033203 0.017578
2 0.347656 0.322266 0.160156 0.050781