14 0.739258 0.492188 0.091797 0.082031
16 0.739258 0.492188 0.091797 0.093750
17 0.080078 0.492188 0.152344 0.074219
5 0.740234 0.399414 0.093750 0.087891
7 0.056641 0.404297 0.109375 0.082031
4 0.088867 0.675781 0.177734 0.117188
8 0.059570 0.774414 0.119141 0.080078
11 0.462891 0.680664 0.679688 0.123047
13 0.499023 0.867188 0.998047 0.261719
0 0.840820 0.682617 0.314453 0.123047
15 0.902344 0.838867 0.191406 0.189453
12 0.598633 0.455078 0.162109 0.007812
24 0.842773 0.014648 0.310547 0.029297
1 0.741211 0.322266 0.091797 0.070312
3 0.598633 0.332031 0.162109 0.054688