14 0.291992 0.525391 0.162109 0.136719
16 0.293945 0.524414 0.158203 0.154297
17 0.290039 0.372070 0.162109 0.150391
6 0.068359 0.301758 0.136719 0.267578
5 0.927734 0.626953 0.140625 0.019531
7 0.770508 0.817383 0.455078 0.271484
4 0.719727 0.649414 0.380859 0.064453
8 0.291016 0.819336 0.582031 0.271484
11 0.280273 0.644531 0.462891 0.074219
0 0.773438 0.354492 0.238281 0.060547
15 0.512695 0.385742 0.240234 0.123047
9 0.919922 0.066406 0.156250 0.132812
12 0.744141 0.063477 0.449219 0.126953
23 0.360352 0.594727 0.302734 0.021484
10 0.963867 0.485352 0.068359 0.029297