14 0.014648 0.028320 0.029297 0.025391
16 0.794922 0.455078 0.093750 0.007812
17 0.792969 0.447266 0.085938 0.003906
6 0.123047 0.484375 0.132812 0.058594
5 0.796875 0.399414 0.093750 0.087891
7 0.122070 0.384766 0.134766 0.042969
8 0.179688 0.675781 0.359375 0.117188
11 0.164062 0.865234 0.328125 0.265625
0 0.568359 0.867188 0.859375 0.261719
15 0.901367 0.674805 0.193359 0.107422
9 0.476562 0.402344 0.160156 0.082031
23 0.207031 0.020508 0.414062 0.041016
24 0.798828 0.312500 0.093750 0.089844
1 0.125000 0.318359 0.144531 0.085938
3 0.656250 0.332031 0.148438 0.054688