14 0.224609 0.867188 0.449219 0.261719
15 0.581055 0.469727 0.115234 0.107422
16 0.580078 0.469727 0.117188 0.119141
5 0.571289 0.354492 0.095703 0.111328
17 0.275391 0.346680 0.222656 0.091797
6 0.295898 0.663086 0.380859 0.146484
7 0.129883 0.560547 0.111328 0.023438
4 0.286133 0.569336 0.423828 0.041016
8 0.197266 0.538086 0.128906 0.017578
9 0.352539 0.538086 0.298828 0.017578
10 0.894531 0.004883 0.015625 0.001953
11 0.146484 0.049805 0.074219 0.056641
12 0.328125 0.045898 0.339844 0.064453
0 0.349609 0.129883 0.304688 0.107422