14 0.064453 0.637695 0.128906 0.048828
16 0.274414 0.666016 0.548828 0.109375
17 0.310547 0.859375 0.621094 0.277344
6 0.063477 0.009766 0.126953 0.019531
5 0.319336 0.010742 0.412109 0.021484
7 0.973633 0.470703 0.048828 0.035156
4 0.317383 0.475586 0.138672 0.044922
8 0.316406 0.449219 0.140625 0.003906
11 0.973633 0.396484 0.048828 0.066406
0 0.150391 0.403320 0.160156 0.083984
15 0.771484 0.665039 0.453125 0.107422
9 0.775391 0.858398 0.445312 0.279297
22 0.685547 0.417969 0.140625 0.046875
23 0.846680 0.475586 0.142578 0.044922
24 0.958008 0.012695 0.080078 0.025391
1 0.974609 0.333984 0.046875 0.054688
3 0.502930 0.333008 0.162109 0.056641
2 0.846680 0.333984 0.142578 0.054688