14 0.111328 0.667969 0.222656 0.109375
16 0.311523 0.669922 0.619141 0.113281
17 0.385742 0.861328 0.771484 0.273438
6 0.108398 0.024414 0.216797 0.048828
5 0.391602 0.023438 0.416016 0.046875
7 0.385742 0.482422 0.158203 0.062500
4 0.353516 0.449219 0.097656 0.003906
8 0.375977 0.428711 0.138672 0.033203
11 0.208984 0.404297 0.144531 0.082031
0 0.829102 0.864258 0.337891 0.267578
15 0.723633 0.391602 0.119141 0.060547
9 0.909180 0.480469 0.162109 0.050781
22 0.798828 0.020508 0.398438 0.041016
23 0.994141 0.032227 0.007812 0.005859
19 0.208008 0.319336 0.146484 0.083984
24 0.557617 0.309570 0.158203 0.072266
1 0.912109 0.315430 0.164062 0.087891
20 0.104492 0.539062 0.208984 0.007812
21 0.082031 0.555664 0.164062 0.021484
3 0.226562 0.540039 0.101562 0.009766
2 0.172852 0.556641 0.208984 0.023438