14 0.934570 0.734375 0.126953 0.105469
16 0.802734 0.639648 0.136719 0.048828
17 0.859375 0.062500 0.277344 0.125000
6 0.006836 0.472656 0.013672 0.015625
5 0.005859 0.353516 0.011719 0.050781
7 0.911133 0.393555 0.173828 0.099609
4 0.564453 0.818359 0.867188 0.277344
8 0.576172 0.647461 0.367188 0.064453
11 0.155273 0.816406 0.310547 0.273438
0 0.024414 0.623047 0.048828 0.015625
15 0.680664 0.392578 0.244141 0.097656
12 0.156250 0.364258 0.238281 0.076172
19 0.498047 0.582031 0.003906 0.003906
20 0.679688 0.502930 0.242188 0.072266
21 0.418945 0.519531 0.240234 0.105469