14 0.613281 0.441406 0.187500 0.156250
15 0.613281 0.432617 0.187500 0.193359
16 0.615234 0.270508 0.187500 0.166016
5 0.272461 0.272461 0.099609 0.162109
17 0.222656 0.872070 0.445312 0.251953
6 0.241211 0.658203 0.482422 0.175781
7 0.403320 0.549805 0.177734 0.037109
8 0.326172 0.007812 0.332031 0.015625
9 0.695312 0.873047 0.605469 0.250000
10 0.687500 0.658203 0.480469 0.175781
11 0.575195 0.549805 0.177734 0.037109
12 0.976562 0.352539 0.042969 0.326172
0 0.729492 0.333008 0.013672 0.013672
23 0.306641 0.442383 0.035156 0.173828