14 0.730469 0.561523 0.367188 0.021484
15 0.369141 0.562500 0.394531 0.023438
16 0.742188 0.606445 0.343750 0.064453
5 0.374023 0.607422 0.509766 0.066406
17 0.815430 0.819336 0.365234 0.357422
6 0.483398 0.819336 0.966797 0.357422
7 0.736328 0.069336 0.378906 0.138672
4 0.375000 0.069336 0.378906 0.138672
8 0.520508 0.488281 0.138672 0.062500
9 0.520508 0.487305 0.138672 0.072266
11 0.128906 0.581055 0.019531 0.009766
12 0.330078 0.487305 0.078125 0.064453
0 0.330078 0.414062 0.078125 0.070312
23 0.870117 0.557617 0.087891 0.013672