14 0.225586 0.873047 0.451172 0.250000
15 0.592773 0.448242 0.123047 0.111328
16 0.592773 0.448242 0.123047 0.123047
5 0.587891 0.331055 0.113281 0.111328
17 0.289062 0.318359 0.207031 0.089844
6 0.255859 0.662109 0.476562 0.175781
7 0.095703 0.548828 0.156250 0.035156
4 0.261719 0.552734 0.488281 0.042969
8 0.192383 0.520508 0.126953 0.017578
9 0.352539 0.521484 0.318359 0.019531
10 0.144531 0.018555 0.039062 0.037109
11 0.327148 0.018555 0.357422 0.037109
12 0.210938 0.095703 0.101562 0.113281
0 0.694336 0.875000 0.607422 0.246094
23 0.804688 0.408203 0.132812 0.230469