14 0.517578 0.501953 0.187500 0.011719
15 0.533203 0.519531 0.218750 0.019531
16 0.242188 0.515625 0.019531 0.003906
5 0.543945 0.552734 0.294922 0.042969
17 0.500977 0.187500 0.228516 0.062500
6 0.369141 0.189453 0.085938 0.058594
7 0.488281 0.103516 0.316406 0.109375
4 0.310547 0.105469 0.117188 0.105469
8 0.482422 0.025391 0.359375 0.050781
9 0.271484 0.026367 0.109375 0.052734
11 0.461914 0.449219 0.103516 0.054688
0 0.564453 0.658203 0.679688 0.164062
19 0.461914 0.337891 0.103516 0.054688
20 0.710938 0.502930 0.222656 0.009766