14 0.062500 0.636719 0.125000 0.046875
16 0.269531 0.667969 0.539062 0.109375
17 0.297852 0.860352 0.595703 0.275391
6 0.758789 0.666992 0.478516 0.107422
5 0.769531 0.860352 0.457031 0.275391
7 0.059570 0.008789 0.119141 0.017578
4 0.313477 0.009766 0.412109 0.019531
8 0.725586 0.010742 0.412109 0.021484
11 0.502930 0.492188 0.162109 0.078125
13 0.495117 0.492188 0.146484 0.089844
0 0.502930 0.404297 0.162109 0.082031
15 0.326172 0.404297 0.164062 0.082031
22 0.956055 0.011719 0.083984 0.023438
23 0.502930 0.317383 0.162109 0.087891
1 0.211914 0.542969 0.220703 0.007812
3 0.375000 0.559570 0.265625 0.021484
2 0.604492 0.542969 0.201172 0.007812