14 0.335938 0.525391 0.152344 0.136719
16 0.336914 0.524414 0.150391 0.154297
17 0.334961 0.373047 0.154297 0.148438
6 0.098633 0.270508 0.197266 0.330078
5 0.954102 0.631836 0.087891 0.029297
7 0.818359 0.817383 0.359375 0.271484
4 0.782227 0.644531 0.431641 0.074219
8 0.377930 0.820312 0.755859 0.273438
11 0.358398 0.644531 0.470703 0.074219
0 0.814453 0.358398 0.238281 0.052734
15 0.552734 0.385742 0.242188 0.123047
9 0.944336 0.081055 0.107422 0.091797
12 0.783203 0.065430 0.429688 0.130859
23 0.578125 0.599609 0.035156 0.011719
10 0.411133 0.594727 0.306641 0.021484