14 0.953125 0.394531 0.089844 0.085938
15 0.057617 0.307617 0.115234 0.154297
16 0.151367 0.480469 0.005859 0.074219
17 0.966797 0.064453 0.062500 0.054688
6 0.935547 0.144531 0.125000 0.101562
7 0.919922 0.226562 0.156250 0.058594
4 0.979492 0.240234 0.037109 0.027344
8 0.921875 0.299805 0.152344 0.087891
9 0.056641 0.174805 0.113281 0.208984
11 0.499023 0.926758 0.998047 0.142578
12 0.059570 0.672852 0.119141 0.076172
13 0.444336 0.747070 0.888672 0.220703
0 0.090820 0.606445 0.181641 0.056641
1 0.500977 0.606445 0.318359 0.056641
2 0.179688 0.573242 0.054688 0.005859
3 0.507812 0.563477 0.191406 0.025391