14 0.754883 0.539062 0.193359 0.039062
15 0.692383 0.561523 0.001953 0.001953
16 0.707031 0.330078 0.097656 0.082031
5 0.361328 0.337891 0.261719 0.152344
17 0.169922 0.857422 0.339844 0.281250
7 0.261719 0.664062 0.160156 0.117188
4 0.663086 0.658203 0.642578 0.113281
8 0.299805 0.588867 0.083984 0.033203
9 0.459961 0.585938 0.232422 0.035156
10 0.288086 0.055664 0.107422 0.111328
11 0.540039 0.067383 0.392578 0.134766
12 0.946289 0.617188 0.076172 0.039062
0 0.937500 0.547852 0.082031 0.041016