14 0.597656 0.511719 0.070312 0.003906
15 0.505859 0.510742 0.117188 0.005859
16 0.600586 0.520508 0.064453 0.009766
5 0.512695 0.520508 0.123047 0.009766
17 0.753906 0.538086 0.351562 0.021484
7 0.638672 0.249023 0.152344 0.044922
4 0.476562 0.250000 0.179688 0.042969
8 0.668945 0.190430 0.201172 0.072266
9 0.454102 0.192383 0.244141 0.072266
11 0.423828 0.093750 0.339844 0.128906
12 0.549805 0.469727 0.099609 0.044922
0 0.796875 0.572266 0.402344 0.046875
23 0.484375 0.903320 0.968750 0.189453