14 0.399414 0.598633 0.154297 0.138672
16 0.400391 0.598633 0.152344 0.154297
17 0.400391 0.451172 0.152344 0.148438
6 0.148438 0.331055 0.230469 0.345703
5 0.983398 0.691406 0.029297 0.007812
7 0.844727 0.889648 0.306641 0.216797
4 0.814453 0.717773 0.367188 0.068359
8 0.394531 0.871094 0.789062 0.253906
11 0.412109 0.715820 0.472656 0.068359
0 0.619141 0.462891 0.242188 0.125000
15 0.989258 0.161133 0.017578 0.017578
9 0.825195 0.008789 0.337891 0.017578
12 0.812500 0.105469 0.371094 0.210938
23 0.421875 0.121094 0.460938 0.203125
10 0.967773 0.681641 0.060547 0.007812