14 0.064453 0.569336 0.128906 0.013672
15 0.083984 0.587891 0.167969 0.027344
16 0.111328 0.626953 0.222656 0.058594
5 0.066406 0.220703 0.132812 0.082031
17 0.084961 0.128906 0.169922 0.140625
6 0.101562 0.046875 0.203125 0.093750
7 0.003906 0.509766 0.007812 0.058594
4 0.003906 0.508789 0.007812 0.064453
8 0.388672 0.441406 0.027344 0.019531
9 0.218750 0.750000 0.437500 0.214844
11 0.391602 0.413086 0.033203 0.033203
0 0.333984 0.559570 0.035156 0.005859
1 0.398438 0.570312 0.023438 0.003906
2 0.235352 0.564453 0.240234 0.015625