14 0.232422 0.848633 0.464844 0.298828
15 0.578125 0.503906 0.105469 0.097656
16 0.578125 0.503906 0.105469 0.109375
5 0.566406 0.397461 0.082031 0.099609
17 0.299805 0.399414 0.205078 0.099609
6 0.355469 0.654297 0.273438 0.089844
4 0.360352 0.591797 0.283203 0.031250
8 0.237305 0.566406 0.119141 0.015625
9 0.369141 0.566406 0.277344 0.015625
10 0.121094 0.081055 0.210938 0.162109
11 0.305664 0.080078 0.392578 0.160156
12 0.183594 0.203125 0.230469 0.082031
0 0.685547 0.849609 0.613281 0.296875
23 0.931641 0.697266 0.058594 0.046875
18 0.583984 0.199219 0.160156 0.085938