14 0.120117 0.891602 0.037109 0.021484
15 0.462891 0.939453 0.640625 0.117188
16 0.887695 0.527344 0.037109 0.023438
5 0.885742 0.541992 0.033203 0.009766
17 0.811523 0.346680 0.076172 0.037109
7 0.147461 0.743164 0.294922 0.240234
4 0.582031 0.750000 0.796875 0.269531
8 0.401367 0.577148 0.095703 0.025391
9 0.548828 0.588867 0.242188 0.048828
10 0.434570 0.552734 0.068359 0.019531
11 0.534180 0.552734 0.162109 0.019531
12 0.988281 0.260742 0.019531 0.009766
0 0.635742 0.016602 0.376953 0.033203
1 0.324219 0.100586 0.289062 0.130859
2 0.627930 0.098633 0.353516 0.134766
3 0.933594 0.585938 0.128906 0.042969
23 0.963867 0.521484 0.064453 0.003906
19 0.819336 0.014648 0.021484 0.029297
20 0.766602 0.097656 0.087891 0.132812
21 0.472656 0.228516 0.242188 0.125000