14 0.641602 0.697266 0.072266 0.007812
15 0.556641 0.697266 0.105469 0.007812
16 0.645508 0.708984 0.064453 0.011719
5 0.528320 0.708008 0.185547 0.013672
17 0.782227 0.728516 0.314453 0.023438
6 0.565430 0.727539 0.150391 0.021484
7 0.689453 0.451172 0.179688 0.035156
4 0.520508 0.453125 0.169922 0.035156
8 0.710938 0.406250 0.207031 0.054688
9 0.511719 0.411133 0.203125 0.052734
11 0.490234 0.341797 0.277344 0.085938
12 0.591797 0.651367 0.097656 0.044922
0 0.821289 0.764648 0.353516 0.048828
23 0.426758 0.968750 0.853516 0.058594