14 0.144531 0.666992 0.289062 0.107422
16 0.064453 0.766602 0.128906 0.087891
17 0.475586 0.666016 0.685547 0.109375
6 0.499023 0.859375 0.998047 0.277344
5 0.143555 0.009766 0.287109 0.019531
7 0.485352 0.010742 0.412109 0.021484
4 0.400391 0.492188 0.160156 0.078125
8 0.355469 0.491211 0.074219 0.087891
11 0.390625 0.403320 0.144531 0.083984
0 0.892578 0.665039 0.210938 0.107422
15 0.916016 0.779297 0.164062 0.117188
9 0.750977 0.408203 0.150391 0.066406
22 0.955078 0.428711 0.085938 0.005859
23 0.840820 0.011719 0.314453 0.023438
1 0.920898 0.331055 0.142578 0.048828
3 0.288086 0.541992 0.208984 0.009766
2 0.236328 0.558594 0.292969 0.019531