14 0.596680 0.572266 0.142578 0.015625
15 0.436523 0.572266 0.197266 0.015625
16 0.692383 0.597656 0.306641 0.031250
5 0.449219 0.597656 0.222656 0.031250
17 0.654297 0.658203 0.183594 0.085938
6 0.328125 0.659180 0.593750 0.087891
7 0.652344 0.220703 0.257812 0.074219
4 0.408203 0.219727 0.253906 0.076172
8 0.726562 0.112305 0.378906 0.142578
9 0.368164 0.108398 0.384766 0.146484
11 0.368164 0.019531 0.396484 0.039062
12 0.505859 0.508789 0.117188 0.052734
0 0.033203 0.351562 0.011719 0.007812
23 0.363281 0.508789 0.023438 0.052734
18 0.208008 0.107422 0.111328 0.144531