14 0.165039 0.658203 0.330078 0.117188
16 0.097656 0.803711 0.195312 0.169922
17 0.561523 0.657227 0.724609 0.119141
6 0.499023 0.857422 0.998047 0.281250
5 0.411133 0.475586 0.142578 0.080078
7 0.410156 0.474609 0.144531 0.089844
4 0.417969 0.384766 0.156250 0.085938
8 0.242188 0.384766 0.164062 0.085938
11 0.867188 0.656250 0.261719 0.117188
0 0.763672 0.408203 0.093750 0.007812
22 0.420898 0.295898 0.166016 0.087891
23 0.241211 0.295898 0.166016 0.087891
1 0.099609 0.541992 0.199219 0.021484
3 0.448242 0.525391 0.068359 0.007812
2 0.434570 0.541992 0.095703 0.021484