14 0.003906 0.704102 0.007812 0.001953
16 0.208008 0.765625 0.416016 0.125000
17 0.171875 0.914062 0.343750 0.167969
6 0.671875 0.766602 0.652344 0.123047
5 0.623047 0.914062 0.750000 0.167969
7 0.015625 0.096680 0.031250 0.029297
4 0.209961 0.055664 0.419922 0.111328
8 0.644531 0.055664 0.484375 0.111328
11 0.463867 0.577148 0.166016 0.080078
0 0.462891 0.488281 0.164062 0.082031
15 0.285156 0.488281 0.164062 0.082031
22 0.966797 0.494141 0.062500 0.027344
23 0.904297 0.055664 0.187500 0.111328
1 0.958008 0.388672 0.080078 0.011719
3 0.356445 0.628906 0.208984 0.007812
2 0.313477 0.645508 0.283203 0.021484