14 0.916016 0.777344 0.164062 0.074219
16 0.717773 0.919922 0.560547 0.156250
17 0.731445 0.791016 0.533203 0.101562
6 0.231445 0.919922 0.462891 0.156250
5 0.333984 0.790039 0.289062 0.099609
7 0.906250 0.123047 0.183594 0.214844
4 0.732422 0.005859 0.531250 0.011719
8 0.733398 0.120117 0.529297 0.220703
11 0.232422 0.006836 0.464844 0.013672
0 0.485352 0.496094 0.259766 0.132812
15 0.766602 0.496094 0.259766 0.132812
23 0.886719 0.726562 0.222656 0.027344
1 0.771484 0.637695 0.265625 0.146484
20 0.485352 0.638672 0.263672 0.128906