14 0.870117 0.813477 0.255859 0.193359
16 0.704102 0.643555 0.005859 0.021484
17 0.961914 0.141602 0.072266 0.060547
5 0.852539 0.420898 0.232422 0.115234
7 0.995117 0.421875 0.005859 0.113281
4 0.470703 0.803711 0.941406 0.220703
8 0.452148 0.663086 0.306641 0.060547
11 0.083008 0.768555 0.166016 0.103516
0 0.592773 0.420898 0.228516 0.115234
15 0.342773 0.420898 0.232422 0.115234
19 0.156250 0.625977 0.312500 0.009766
1 0.996094 0.492188 0.003906 0.007812
21 0.867188 0.492188 0.203125 0.007812