14 0.975586 0.701172 0.044922 0.015625
16 0.836914 0.892578 0.322266 0.210938
17 0.806641 0.739258 0.382812 0.095703
6 0.403320 0.891602 0.806641 0.212891
5 0.425781 0.738281 0.492188 0.093750
7 0.969727 0.173828 0.056641 0.046875
8 0.804688 0.100586 0.386719 0.201172
11 0.408203 0.002930 0.515625 0.005859
0 0.600586 0.458008 0.240234 0.126953
15 0.869141 0.457031 0.253906 0.128906
19 0.143555 0.106445 0.287109 0.197266
20 0.544922 0.676758 0.132812 0.025391
21 0.871094 0.594727 0.253906 0.123047
2 0.600586 0.594727 0.244141 0.123047