14 0.154297 0.593750 0.019531 0.003906
15 0.032227 0.363281 0.064453 0.050781
16 0.499023 0.834961 0.998047 0.326172
5 0.118164 0.627930 0.236328 0.060547
17 0.392578 0.633789 0.582031 0.072266
7 0.779297 0.633789 0.339844 0.072266
4 0.133789 0.025391 0.080078 0.050781
8 0.445312 0.026367 0.351562 0.052734
9 0.751953 0.026367 0.285156 0.052734
11 0.895508 0.144531 0.205078 0.179688
0 0.248047 0.321289 0.363281 0.173828
1 0.296875 0.142578 0.265625 0.179688
2 0.897461 0.503906 0.201172 0.164062
3 0.897461 0.502930 0.201172 0.185547