14 0.246094 0.521484 0.207031 0.015625
15 0.261719 0.540039 0.238281 0.025391
16 0.270508 0.576172 0.318359 0.054688
5 0.221680 0.191406 0.251953 0.082031
17 0.075195 0.179688 0.103516 0.074219
6 0.201172 0.096680 0.355469 0.146484
7 0.037109 0.083008 0.074219 0.126953
4 0.204102 0.032227 0.384766 0.064453
8 0.010742 0.010742 0.021484 0.021484
9 0.188477 0.465820 0.111328 0.052734
11 0.589844 0.397461 0.027344 0.017578
0 0.026367 0.377930 0.025391 0.009766
1 0.591797 0.369141 0.031250 0.035156
2 0.005859 0.370117 0.003906 0.001953