14 0.444336 0.448242 0.044922 0.091797
15 0.490234 0.448242 0.066406 0.103516
16 0.444336 0.344727 0.048828 0.099609
5 0.323242 0.249023 0.068359 0.134766
17 0.392578 0.405273 0.027344 0.017578
6 0.390625 0.261719 0.027344 0.039062
7 0.444336 0.244141 0.048828 0.101562
4 0.221680 0.036133 0.056641 0.072266
8 0.321289 0.121094 0.068359 0.187500
9 0.390625 0.199219 0.027344 0.148438
11 0.818359 0.823242 0.359375 0.349609
12 0.404297 0.600586 0.464844 0.091797
13 0.670898 0.601562 0.150391 0.089844
0 0.511719 0.537109 0.164062 0.035156