14 0.307617 0.542969 0.158203 0.140625
16 0.308594 0.541992 0.156250 0.158203
17 0.308594 0.391602 0.156250 0.154297
6 0.081055 0.290039 0.162109 0.310547
5 0.913086 0.639648 0.107422 0.033203
7 0.796875 0.809570 0.402344 0.240234
4 0.753906 0.656250 0.425781 0.062500
8 0.345703 0.812500 0.691406 0.246094
11 0.316406 0.657227 0.480469 0.064453
0 0.789062 0.407227 0.234375 0.123047
15 0.528320 0.406250 0.240234 0.125000
9 0.940430 0.083984 0.115234 0.140625
12 0.768555 0.076172 0.458984 0.152344
23 0.913086 0.619141 0.169922 0.007812
10 0.699219 0.614258 0.304688 0.017578