14 0.552734 0.449219 0.070312 0.007812
15 0.433594 0.449219 0.175781 0.007812
16 0.556641 0.460938 0.062500 0.011719
5 0.436523 0.460938 0.193359 0.011719
17 0.693359 0.477539 0.312500 0.021484
7 0.609375 0.193359 0.183594 0.039062
4 0.430664 0.192383 0.185547 0.041016
8 0.639648 0.141602 0.228516 0.060547
9 0.418945 0.140625 0.232422 0.062500
11 0.393555 0.054688 0.326172 0.109375
12 0.503906 0.405273 0.097656 0.044922
0 0.777344 0.512695 0.441406 0.044922
23 0.492188 0.848633 0.984375 0.298828