14 0.709961 0.548828 0.013672 0.003906
15 0.631836 0.548828 0.158203 0.003906
16 0.944336 0.559570 0.001953 0.005859
5 0.628906 0.557617 0.175781 0.009766
17 0.910156 0.573242 0.070312 0.017578
6 0.576172 0.572266 0.105469 0.015625
7 0.609375 0.288086 0.164062 0.044922
4 0.631836 0.230469 0.208984 0.070312
8 0.670898 0.130859 0.294922 0.128906
11 0.599609 0.507812 0.035156 0.050781
0 0.756836 0.603516 0.478516 0.042969
23 0.473633 0.573242 0.099609 0.013672
18 0.496094 0.508789 0.046875 0.044922