14 0.765625 0.561523 0.441406 0.025391
15 0.353516 0.562500 0.425781 0.027344
16 0.784180 0.616211 0.427734 0.080078
5 0.323242 0.617188 0.642578 0.082031
17 0.823242 0.828125 0.349609 0.339844
6 0.482422 0.828125 0.964844 0.339844
7 0.737305 0.058594 0.384766 0.117188
4 0.371094 0.057617 0.375000 0.115234
9 0.516602 0.483398 0.142578 0.064453
11 0.126953 0.562500 0.250000 0.027344
12 0.066406 0.591797 0.128906 0.027344
0 0.321289 0.482422 0.080078 0.078125
23 0.320312 0.337891 0.078125 0.074219