14 0.530273 0.465820 0.037109 0.025391
15 0.517578 0.483398 0.011719 0.005859
16 0.579102 0.284180 0.013672 0.005859
5 0.164062 0.230469 0.328125 0.187500
17 0.032227 0.793945 0.064453 0.146484
7 0.070312 0.634766 0.140625 0.179688
4 0.530273 0.625977 0.927734 0.185547
8 0.095703 0.523438 0.128906 0.050781
9 0.276367 0.517578 0.267578 0.050781
10 0.937500 0.185547 0.117188 0.039062
11 0.434570 0.007812 0.119141 0.015625
12 0.985352 0.584961 0.021484 0.060547
0 0.521484 0.011719 0.074219 0.023438