14 0.911133 0.723633 0.173828 0.080078
16 0.708984 0.889648 0.578125 0.216797
17 0.727539 0.731445 0.541016 0.095703
6 0.227539 0.889648 0.455078 0.216797
5 0.328125 0.731445 0.285156 0.095703
7 0.905273 0.084961 0.185547 0.169922
4 0.709961 0.084961 0.494141 0.169922
8 0.236328 0.084961 0.472656 0.169922
11 0.477539 0.441406 0.259766 0.132812
0 0.196289 0.437500 0.255859 0.125000
15 0.020508 0.395508 0.041016 0.017578
23 0.336914 0.668945 0.275391 0.025391
1 0.488281 0.582031 0.238281 0.144531
20 0.195312 0.566406 0.257812 0.089844