14 0.181641 0.834961 0.363281 0.326172
15 0.534180 0.833984 0.927734 0.328125
5 0.504883 0.405273 0.193359 0.095703
17 0.391602 0.624023 0.095703 0.048828
7 0.426758 0.586914 0.029297 0.025391
4 0.581055 0.586914 0.138672 0.025391
9 0.555664 0.566406 0.111328 0.011719
11 0.278320 0.024414 0.365234 0.048828
12 0.640625 0.019531 0.367188 0.039062
0 0.635742 0.104492 0.345703 0.150391
1 0.380859 0.220703 0.238281 0.078125
2 0.603516 0.216797 0.226562 0.078125
3 0.964844 0.070312 0.066406 0.070312
23 0.503906 0.307617 0.195312 0.099609
19 0.990234 0.099609 0.015625 0.019531
21 0.336914 0.418945 0.126953 0.068359