14 0.452148 0.521484 0.189453 0.011719
15 0.467773 0.538086 0.220703 0.021484
16 0.164062 0.537109 0.023438 0.003906
5 0.480469 0.572266 0.300781 0.046875
17 0.435547 0.207031 0.230469 0.062500
6 0.303711 0.205078 0.087891 0.062500
7 0.421875 0.120117 0.320312 0.111328
4 0.242188 0.119141 0.117188 0.109375
8 0.414062 0.035156 0.371094 0.066406
9 0.201172 0.032227 0.113281 0.060547
11 0.396484 0.467773 0.109375 0.056641
0 0.499023 0.879883 0.998047 0.236328
1 0.258789 0.386719 0.009766 0.003906
2 0.804688 0.368164 0.039062 0.033203
19 0.798828 0.530273 0.011719 0.001953