14 0.959961 0.733398 0.076172 0.044922
16 0.834961 0.617188 0.154297 0.003906
17 0.870117 0.062500 0.255859 0.125000
6 0.016602 0.472656 0.033203 0.015625
5 0.015625 0.354492 0.031250 0.052734
7 0.920898 0.393555 0.154297 0.099609
4 0.604492 0.818359 0.787109 0.277344
8 0.607422 0.647461 0.382812 0.064453
11 0.176758 0.816406 0.353516 0.273438
0 0.037109 0.627930 0.074219 0.025391
15 0.699219 0.392578 0.242188 0.097656
19 0.513672 0.582031 0.011719 0.003906
20 0.698242 0.502930 0.240234 0.072266
21 0.437500 0.519531 0.242188 0.105469