14 0.918945 0.634766 0.107422 0.039062
16 0.920898 0.062500 0.154297 0.125000
17 0.057617 0.472656 0.115234 0.015625
6 0.056641 0.354492 0.113281 0.052734
5 0.962891 0.383789 0.070312 0.080078
7 0.767578 0.817383 0.460938 0.275391
4 0.757812 0.647461 0.425781 0.064453
8 0.281250 0.816406 0.562500 0.273438
11 0.324219 0.646484 0.394531 0.062500
0 0.782227 0.390625 0.240234 0.093750
15 0.519531 0.395508 0.242188 0.099609
19 0.780273 0.505859 0.240234 0.078125
20 0.896484 0.151367 0.203125 0.048828
21 0.680664 0.152344 0.318359 0.050781