14 0.419922 0.497070 0.050781 0.103516
15 0.452148 0.498047 0.111328 0.113281
16 0.431641 0.385742 0.031250 0.107422
5 0.357422 0.444336 0.019531 0.017578
17 0.422852 0.274414 0.048828 0.111328
6 0.280273 0.092773 0.083984 0.185547
7 0.362305 0.246094 0.009766 0.027344
4 0.453125 0.898438 0.906250 0.199219
8 0.875000 0.899414 0.246094 0.197266
9 0.385742 0.714844 0.724609 0.167969
11 0.513672 0.606445 0.207031 0.048828
12 0.789062 0.606445 0.417969 0.048828
13 0.508789 0.568359 0.134766 0.023438
0 0.703125 0.568359 0.289062 0.023438
1 0.455078 0.060547 0.292969 0.121094