14 0.142578 0.984375 0.285156 0.027344
15 0.636719 0.985352 0.722656 0.025391
16 0.847656 0.363281 0.117188 0.039062
5 0.480469 0.351562 0.246094 0.121094
17 0.219727 0.800781 0.435547 0.339844
7 0.281250 0.600586 0.371094 0.060547
4 0.719727 0.600586 0.556641 0.060547
8 0.447266 0.556641 0.062500 0.023438
9 0.559570 0.556641 0.181641 0.023438
10 0.956055 0.337891 0.013672 0.031250
11 0.333008 0.015625 0.267578 0.031250
12 0.608398 0.015625 0.287109 0.031250
0 0.613281 0.096680 0.289062 0.130859
23 0.481445 0.227539 0.248047 0.126953