14 0.210938 0.878906 0.421875 0.238281
15 0.655273 0.881836 0.685547 0.232422
16 0.897461 0.521484 0.111328 0.027344
5 0.894531 0.536133 0.105469 0.009766
17 0.856445 0.366211 0.083984 0.033203
7 0.250977 0.678711 0.501953 0.169922
4 0.710938 0.686523 0.574219 0.177734
8 0.277344 0.575195 0.488281 0.041016
9 0.750977 0.578125 0.494141 0.042969
10 0.502930 0.544922 0.052734 0.019531
11 0.687500 0.546875 0.328125 0.019531
12 0.400391 0.037109 0.242188 0.070312
0 0.423828 0.125000 0.214844 0.113281
23 0.837891 0.114258 0.125000 0.119141