14 0.922852 0.788086 0.150391 0.068359
16 0.723633 0.926758 0.548828 0.142578
17 0.735352 0.803711 0.525391 0.103516
6 0.235352 0.925781 0.470703 0.144531
5 0.342773 0.802734 0.291016 0.101562
7 0.911133 0.137695 0.173828 0.205078
4 0.736328 0.012695 0.523438 0.025391
8 0.737305 0.131836 0.521484 0.220703
11 0.237305 0.015625 0.474609 0.031250
0 0.495117 0.507812 0.259766 0.132812
15 0.776367 0.507812 0.263672 0.132812
23 0.890625 0.738281 0.214844 0.027344
1 0.781250 0.649414 0.269531 0.146484
20 0.494141 0.650391 0.265625 0.128906