14 0.157227 0.521484 0.173828 0.136719
16 0.159180 0.520508 0.169922 0.154297
17 0.155273 0.370117 0.177734 0.150391
6 0.918945 0.758789 0.158203 0.158203
5 0.852539 0.646484 0.291016 0.062500
7 0.513672 0.816406 0.968750 0.273438
4 0.489258 0.646484 0.341797 0.062500
8 0.130859 0.814453 0.261719 0.269531
11 0.178711 0.640625 0.357422 0.074219
0 0.654297 0.377930 0.242188 0.103516
15 0.392578 0.353516 0.242188 0.054688
9 0.843750 0.062500 0.308594 0.125000
12 0.536133 0.062500 0.435547 0.125000
23 0.155273 0.590820 0.181641 0.021484
10 0.897461 0.481445 0.201172 0.029297