14 0.976562 0.614258 0.042969 0.013672
16 0.848633 0.847656 0.298828 0.300781
17 0.811523 0.651367 0.373047 0.087891
6 0.469727 0.847656 0.939453 0.300781
5 0.459961 0.651367 0.470703 0.087891
7 0.981445 0.092773 0.033203 0.025391
4 0.813477 0.052734 0.369141 0.105469
8 0.446289 0.052734 0.435547 0.105469
11 0.604492 0.375000 0.251953 0.128906
0 0.044922 0.776367 0.089844 0.091797
15 0.133789 0.643555 0.244141 0.021484
19 0.559570 0.592773 0.126953 0.025391
1 0.874023 0.509766 0.248047 0.136719
20 0.603516 0.511719 0.250000 0.121094
21 0.604492 0.509766 0.251953 0.136719
2 0.354492 0.448242 0.205078 0.001953