14 0.092773 0.665039 0.185547 0.107422
16 0.044922 0.748047 0.089844 0.054688
17 0.131836 0.010742 0.263672 0.021484
6 0.877930 0.470703 0.083984 0.035156
5 0.909180 0.449219 0.021484 0.003906
7 0.225586 0.491211 0.083984 0.076172
4 0.225586 0.493164 0.083984 0.083984
8 0.877930 0.404297 0.083984 0.082031
11 0.209961 0.403320 0.154297 0.083984
0 0.441406 0.665039 0.687500 0.107422
15 0.499023 0.858398 0.998047 0.279297
9 0.865234 0.664062 0.265625 0.105469
23 0.739258 0.470703 0.158203 0.035156
24 0.829102 0.012695 0.337891 0.025391
1 0.879883 0.333984 0.083984 0.054688
3 0.389648 0.332031 0.162109 0.050781
2 0.740234 0.333984 0.160156 0.054688