14 0.191406 0.525391 0.175781 0.136719
16 0.193359 0.524414 0.171875 0.154297
17 0.190430 0.373047 0.177734 0.148438
6 0.000977 0.377930 0.001953 0.119141
5 0.957031 0.744141 0.082031 0.050781
4 0.594727 0.817383 0.806641 0.271484
8 0.559570 0.648438 0.353516 0.062500
11 0.169922 0.818359 0.339844 0.269531
0 0.911133 0.375000 0.173828 0.050781
15 0.681641 0.379883 0.238281 0.111328
9 0.420898 0.370117 0.240234 0.091797
12 0.861328 0.066406 0.273438 0.132812
23 0.201172 0.065430 0.402344 0.130859
10 0.208984 0.594727 0.218750 0.021484