14 0.963867 0.628906 0.068359 0.023438
16 0.827148 0.852539 0.341797 0.291016
17 0.797852 0.660156 0.400391 0.089844
6 0.418945 0.852539 0.837891 0.291016
5 0.411133 0.660156 0.482422 0.089844
7 0.967773 0.090820 0.060547 0.048828
4 0.798828 0.058594 0.398438 0.117188
8 0.408203 0.058594 0.445312 0.117188
11 0.585938 0.383789 0.242188 0.130859
0 0.017578 0.764648 0.035156 0.048828
15 0.129883 0.661133 0.173828 0.037109
19 0.530273 0.601562 0.130859 0.023438
20 0.584961 0.519531 0.240234 0.121094
21 0.586914 0.519531 0.240234 0.136719
2 0.329102 0.454102 0.212891 0.005859