14 0.569336 0.570312 0.076172 0.007812
15 0.481445 0.570312 0.111328 0.007812
16 0.573242 0.582031 0.068359 0.011719
5 0.444336 0.582031 0.208984 0.011719
17 0.717773 0.600586 0.330078 0.021484
7 0.621094 0.316406 0.179688 0.039062
4 0.448242 0.316406 0.177734 0.039062
8 0.660156 0.265625 0.242188 0.058594
9 0.433594 0.264648 0.230469 0.060547
11 0.407227 0.178711 0.322266 0.107422
12 0.517578 0.526367 0.097656 0.044922
0 0.785156 0.639648 0.425781 0.052734
23 0.453125 0.944336 0.906250 0.107422