14 0.978516 0.721680 0.039062 0.021484
16 0.907227 0.663086 0.181641 0.091797
17 0.658203 0.854492 0.679688 0.287109
6 0.730469 0.676758 0.445312 0.064453
5 0.895508 0.054688 0.205078 0.109375
7 0.657227 0.055664 0.443359 0.111328
4 0.738281 0.381836 0.253906 0.130859
8 0.943359 0.381836 0.109375 0.130859
11 0.197266 0.854492 0.394531 0.287109
15 0.462891 0.395508 0.253906 0.103516
19 0.364258 0.604492 0.001953 0.005859
1 0.942383 0.519531 0.111328 0.140625
21 0.739258 0.518555 0.255859 0.138672
2 0.471680 0.454102 0.236328 0.005859