14 0.044922 0.628906 0.089844 0.031250
16 0.241211 0.667969 0.482422 0.109375
17 0.238281 0.860352 0.476562 0.275391
6 0.738281 0.666992 0.519531 0.107422
5 0.731445 0.860352 0.533203 0.275391
7 0.041992 0.008789 0.083984 0.017578
4 0.276367 0.009766 0.412109 0.019531
8 0.690430 0.010742 0.412109 0.021484
11 0.487305 0.492188 0.162109 0.078125
13 0.479492 0.492188 0.146484 0.089844
0 0.487305 0.404297 0.162109 0.082031
15 0.309570 0.404297 0.162109 0.082031
22 0.938477 0.011719 0.119141 0.023438
23 0.487305 0.317383 0.162109 0.087891
1 0.195312 0.542969 0.222656 0.007812
3 0.351562 0.559570 0.269531 0.021484
2 0.583008 0.542969 0.189453 0.007812