14 0.666992 0.461914 0.017578 0.033203
16 0.666992 0.441406 0.017578 0.003906
17 0.051758 0.483398 0.103516 0.080078
6 0.703125 0.426758 0.089844 0.021484
5 0.033203 0.422852 0.066406 0.017578
7 0.089844 0.666992 0.179688 0.115234
4 0.061523 0.770508 0.123047 0.091797
8 0.487305 0.664062 0.720703 0.117188
11 0.499023 0.857422 0.998047 0.281250
13 0.839844 0.659180 0.316406 0.111328
0 0.925781 0.762695 0.144531 0.095703
15 0.383789 0.390625 0.162109 0.078125
9 0.613281 0.461914 0.058594 0.033203
12 0.614258 0.441406 0.060547 0.003906
23 0.574219 0.001953 0.218750 0.003906
24 0.049805 0.309570 0.099609 0.044922
1 0.202148 0.306641 0.166016 0.039062
3 0.273438 0.536133 0.195312 0.005859
2 0.835938 0.552734 0.062500 0.015625