14 0.726562 0.518555 0.187500 0.037109
15 0.679688 0.324219 0.085938 0.070312
16 0.342773 0.320312 0.255859 0.152344
5 0.171875 0.841797 0.343750 0.312500
17 0.664062 0.832031 0.667969 0.332031
7 0.662109 0.631836 0.671875 0.103516
4 0.283203 0.568359 0.082031 0.031250
8 0.438477 0.565430 0.228516 0.033203
9 0.977539 0.283203 0.041016 0.015625
10 0.274414 0.046875 0.095703 0.093750
11 0.513672 0.060547 0.382812 0.121094
12 0.930664 0.598633 0.134766 0.048828
0 0.930664 0.526367 0.134766 0.041016