14 0.888672 0.507812 0.191406 0.007812
15 0.465820 0.320312 0.298828 0.144531
16 0.168945 0.847656 0.337891 0.300781
5 0.539062 0.847656 0.917969 0.300781
17 0.315430 0.640625 0.236328 0.109375
7 0.407227 0.568359 0.107422 0.031250
4 0.556641 0.568359 0.238281 0.031250
8 0.316406 0.047852 0.292969 0.095703
9 0.629883 0.046875 0.357422 0.093750
10 0.794922 0.060547 0.046875 0.058594
11 0.464844 0.170898 0.300781 0.154297
12 0.165039 0.313477 0.298828 0.107422
0 0.006836 0.289062 0.013672 0.062500