14 0.120117 0.457031 0.103516 0.082031
15 0.161133 0.480469 0.185547 0.148438
16 0.120117 0.376953 0.103516 0.070312
5 0.010742 0.436523 0.021484 0.041016
7 0.499023 0.844727 0.998047 0.306641
4 0.043945 0.627930 0.087891 0.044922
8 0.509766 0.641602 0.449219 0.095703
9 0.263672 0.560547 0.039062 0.007812
11 0.902344 0.728516 0.152344 0.074219
12 0.954102 0.645508 0.048828 0.087891
0 0.197266 0.070312 0.152344 0.140625
1 0.432617 0.070312 0.392578 0.140625
2 0.727539 0.070312 0.271484 0.140625
3 0.856445 0.352539 0.251953 0.119141