14 0.034180 0.909180 0.068359 0.177734
15 0.546875 0.910156 0.902344 0.175781
16 0.875000 0.525391 0.050781 0.023438
5 0.873047 0.540039 0.046875 0.009766
17 0.795898 0.355469 0.072266 0.035156
7 0.165039 0.713867 0.330078 0.208984
4 0.617188 0.715820 0.761719 0.216797
8 0.416992 0.567383 0.076172 0.013672
9 0.549805 0.583008 0.208984 0.044922
10 0.440430 0.549805 0.064453 0.017578
11 0.542969 0.550781 0.167969 0.019531
12 0.934570 0.288086 0.013672 0.005859
0 0.638672 0.023438 0.375000 0.046875
1 0.333008 0.111328 0.279297 0.125000
2 0.627930 0.108398 0.341797 0.126953
3 0.923828 0.584961 0.148438 0.044922
19 0.816406 0.023438 0.027344 0.039062
20 0.763672 0.107422 0.082031 0.125000
21 0.479492 0.233398 0.236328 0.123047