14 0.299805 0.529297 0.169922 0.144531
16 0.301758 0.528320 0.166016 0.162109
17 0.297852 0.369141 0.169922 0.156250
6 0.066406 0.300781 0.132812 0.273438
5 0.961914 0.652344 0.029297 0.015625
7 0.781250 0.852539 0.433594 0.291016
4 0.764648 0.675781 0.427734 0.062500
8 0.304688 0.852539 0.609375 0.291016
11 0.281250 0.660156 0.500000 0.089844
0 0.805664 0.354492 0.251953 0.060547
15 0.531250 0.382812 0.253906 0.128906
9 0.946289 0.046875 0.103516 0.093750
12 0.764648 0.047852 0.451172 0.095703
23 0.545898 0.603516 0.025391 0.003906
10 0.373047 0.601562 0.320312 0.023438