14 0.410156 0.521484 0.191406 0.011719
16 0.425781 0.538086 0.222656 0.021484
5 0.118164 0.537109 0.017578 0.003906
17 0.436523 0.573242 0.302734 0.048828
6 0.391602 0.205078 0.232422 0.066406
7 0.258789 0.202148 0.087891 0.064453
4 0.376953 0.117188 0.324219 0.117188
8 0.194336 0.113281 0.123047 0.113281
9 0.370117 0.035156 0.373047 0.070312
11 0.361328 0.467773 0.093750 0.048828
0 0.446289 0.685547 0.708984 0.179688
1 0.499023 0.877930 0.998047 0.240234
2 0.214844 0.386719 0.019531 0.007812
19 0.695312 0.518555 0.031250 0.005859