14 0.900391 0.507812 0.195312 0.007812
15 0.464844 0.315430 0.308594 0.150391
16 0.159180 0.858398 0.318359 0.279297
5 0.540039 0.859375 0.916016 0.277344
17 0.285156 0.654297 0.289062 0.128906
7 0.411133 0.571289 0.099609 0.033203
4 0.558594 0.572266 0.250000 0.035156
8 0.323242 0.051758 0.275391 0.060547
9 0.637695 0.046875 0.365234 0.066406
10 0.806641 0.045898 0.046875 0.064453
11 0.463867 0.160156 0.310547 0.156250
12 0.154297 0.303711 0.308594 0.107422
0 0.153320 0.520508 0.306641 0.041016