14 0.582031 0.495117 0.027344 0.056641
15 0.564453 0.494141 0.062500 0.066406
16 0.860352 0.504883 0.166016 0.251953
5 0.854492 0.530273 0.177734 0.291016
17 0.582031 0.430664 0.027344 0.060547
6 0.862305 0.210938 0.166016 0.363281
7 0.721680 0.330078 0.056641 0.187500
4 0.582031 0.367188 0.027344 0.062500
8 0.862305 0.101562 0.166016 0.203125
9 0.722656 0.193359 0.054688 0.199219
11 0.607422 0.570312 0.226562 0.023438
12 0.390625 0.570312 0.214844 0.023438
13 0.662109 0.609375 0.351562 0.050781
0 0.386719 0.609375 0.210938 0.050781
22 0.287109 0.916992 0.320312 0.162109