14 0.001953 0.029297 0.003906 0.003906
16 0.027344 0.496094 0.042969 0.046875
6 0.771484 0.450195 0.078125 0.013672
5 0.102539 0.416016 0.119141 0.070312
7 0.185547 0.692383 0.371094 0.115234
4 0.174805 0.874023 0.349609 0.248047
8 0.674805 0.690430 0.646484 0.115234
11 0.612305 0.871094 0.771484 0.253906
0 0.447266 0.420898 0.160156 0.080078
15 0.576172 0.511719 0.070312 0.078125
9 0.586914 0.512695 0.041016 0.083984
23 0.617188 0.021484 0.429688 0.042969
24 0.083984 0.348633 0.156250 0.060547
1 0.262695 0.341797 0.154297 0.046875
2 0.382812 0.563477 0.054688 0.005859