14 0.905273 0.506836 0.185547 0.009766
15 0.462891 0.309570 0.316406 0.154297
16 0.148438 0.872070 0.296875 0.251953
5 0.541016 0.872070 0.914062 0.251953
17 0.274414 0.668945 0.302734 0.150391
7 0.398438 0.575195 0.121094 0.037109
4 0.561523 0.575195 0.263672 0.037109
8 0.318359 0.037109 0.285156 0.066406
9 0.640625 0.034180 0.375000 0.068359
10 0.818359 0.032227 0.046875 0.064453
11 0.462891 0.149414 0.320312 0.162109
12 0.151367 0.291992 0.302734 0.107422
0 0.150391 0.521484 0.300781 0.046875