14 0.481445 0.529297 0.138672 0.144531
16 0.483398 0.528320 0.138672 0.162109
17 0.482422 0.370117 0.140625 0.154297
6 0.330078 0.239258 0.109375 0.392578
5 0.939453 0.745117 0.117188 0.076172
7 0.868164 0.660156 0.259766 0.089844
4 0.581055 0.852539 0.833984 0.291016
8 0.614258 0.660156 0.521484 0.089844
11 0.923828 0.381836 0.148438 0.130859
0 0.871094 0.056641 0.253906 0.113281
15 0.596680 0.056641 0.443359 0.113281
9 0.820312 0.608398 0.207031 0.013672
12 0.573242 0.601562 0.322266 0.023438
23 0.902344 0.515625 0.046875 0.132812
10 0.697266 0.519531 0.250000 0.121094