14 0.577148 0.609375 0.068359 0.007812
15 0.460938 0.609375 0.171875 0.007812
16 0.582031 0.621094 0.062500 0.011719
5 0.465820 0.620117 0.181641 0.009766
17 0.708984 0.637695 0.296875 0.021484
6 0.502930 0.637695 0.146484 0.021484
7 0.631836 0.368164 0.177734 0.033203
4 0.460938 0.368164 0.171875 0.033203
8 0.652344 0.323242 0.207031 0.052734
9 0.453125 0.324219 0.207031 0.050781
11 0.430664 0.252930 0.287109 0.087891
12 0.530273 0.564453 0.095703 0.042969
0 0.789062 0.672852 0.417969 0.044922
23 0.430664 0.922852 0.861328 0.150391