14 0.967773 0.696289 0.060547 0.029297
16 0.909180 0.642578 0.177734 0.074219
17 0.677734 0.821289 0.640625 0.279297
6 0.860352 0.648438 0.142578 0.062500
5 0.892578 0.061523 0.210938 0.123047
7 0.668945 0.062500 0.431641 0.125000
4 0.734375 0.380859 0.242188 0.125000
8 0.938477 0.380859 0.119141 0.125000
11 0.211914 0.818359 0.423828 0.277344
0 0.066406 0.634766 0.105469 0.039062
15 0.470703 0.394531 0.242188 0.101562
19 0.937500 0.513672 0.121094 0.117188
1 0.733398 0.513672 0.240234 0.117188
20 0.751953 0.512695 0.210938 0.134766
21 0.471680 0.505859 0.240234 0.078125
2 0.210938 0.502930 0.238281 0.072266