14 0.547852 0.503906 0.021484 0.050781
15 0.531250 0.503906 0.054688 0.058594
16 0.147461 0.490234 0.005859 0.023438
5 0.147461 0.475586 0.005859 0.001953
17 0.716797 0.502930 0.070312 0.158203
6 0.694336 0.504883 0.025391 0.154297
7 0.547852 0.445312 0.021484 0.054688
4 0.716797 0.270508 0.070312 0.123047
8 0.644531 0.378906 0.023438 0.128906
9 0.547852 0.388672 0.021484 0.054688
11 0.643555 0.269531 0.025391 0.136719
12 0.863281 0.085938 0.156250 0.171875
13 0.120117 0.387695 0.103516 0.056641
0 0.555664 0.561523 0.169922 0.013672
22 0.584961 0.629883 0.263672 0.064453