14 0.758789 0.455078 0.091797 0.007812
16 0.755859 0.447266 0.085938 0.003906
17 0.097656 0.492188 0.152344 0.074219
5 0.759766 0.399414 0.093750 0.087891
7 0.098633 0.404297 0.080078 0.082031
4 0.000977 0.368164 0.001953 0.009766
8 0.120117 0.675781 0.240234 0.117188
11 0.094727 0.810547 0.189453 0.152344
0 0.499023 0.867188 0.998047 0.261719
15 0.861328 0.681641 0.273438 0.121094
9 0.938477 0.791016 0.119141 0.093750
12 0.434570 0.402344 0.130859 0.082031
23 0.672852 0.447266 0.048828 0.003906
24 0.531250 0.017578 0.417969 0.035156
1 0.863281 0.014648 0.269531 0.029297
2 0.265625 0.314453 0.156250 0.082031