14 0.487305 0.494141 0.083984 0.082031
16 0.490234 0.496094 0.089844 0.093750
17 0.487305 0.404297 0.083984 0.085938
6 0.856445 0.194336 0.283203 0.388672
5 0.127930 0.674805 0.255859 0.115234
7 0.058594 0.781250 0.117188 0.097656
4 0.469727 0.670898 0.693359 0.119141
8 0.499023 0.856445 0.998047 0.283203
11 0.171875 0.398438 0.156250 0.074219
0 0.348633 0.494141 0.166016 0.089844
15 0.348633 0.405273 0.166016 0.083984
9 0.126953 0.006836 0.253906 0.013672
12 0.458008 0.015625 0.416016 0.031250
1 0.262695 0.561523 0.146484 0.021484
2 0.451172 0.593750 0.382812 0.042969