14 0.238281 0.844727 0.476562 0.306641
15 0.594727 0.478516 0.111328 0.101562
16 0.594727 0.479492 0.111328 0.111328
5 0.583984 0.369141 0.085938 0.105469
17 0.307617 0.365234 0.208984 0.093750
6 0.355469 0.640625 0.300781 0.105469
7 0.201172 0.556641 0.046875 0.007812
4 0.349609 0.569336 0.332031 0.033203
8 0.253906 0.542969 0.097656 0.015625
9 0.378906 0.542969 0.285156 0.015625
10 0.118164 0.060547 0.220703 0.121094
11 0.322266 0.059570 0.386719 0.119141
12 0.192383 0.165039 0.224609 0.087891
0 0.696289 0.846680 0.603516 0.302734
18 0.601562 0.158203 0.167969 0.093750