14 0.916992 0.790039 0.162109 0.158203
16 0.901367 0.677734 0.193359 0.062500
17 0.847656 0.055664 0.300781 0.111328
6 0.904297 0.388672 0.187500 0.089844
5 0.499023 0.853516 0.998047 0.289062
7 0.500977 0.675781 0.255859 0.062500
4 0.110352 0.844727 0.220703 0.271484
8 0.031250 0.675781 0.062500 0.062500
11 0.658203 0.395508 0.253906 0.103516
0 0.117188 0.380859 0.234375 0.097656
15 0.530273 0.055664 0.443359 0.111328
12 0.009766 0.106445 0.019531 0.013672
23 0.413086 0.604492 0.029297 0.005859
19 0.903320 0.512695 0.189453 0.072266
1 0.658203 0.516602 0.253906 0.080078
20 0.597656 0.451172 0.085938 0.003906