14 0.933594 0.650391 0.128906 0.050781
16 0.782227 0.856445 0.431641 0.283203
17 0.768555 0.668945 0.458984 0.087891
6 0.324219 0.856445 0.648438 0.283203
5 0.324219 0.668945 0.480469 0.087891
7 0.935547 0.069336 0.125000 0.115234
4 0.768555 0.063477 0.458984 0.126953
8 0.328125 0.063477 0.453125 0.126953
11 0.530273 0.392578 0.251953 0.128906
0 0.097656 0.671875 0.066406 0.039062
15 0.258789 0.388672 0.251953 0.121094
19 0.800781 0.527344 0.246094 0.121094
20 0.530273 0.527344 0.251953 0.136719
21 0.259766 0.514648 0.250000 0.095703
2 0.054688 0.488281 0.109375 0.042969