14 0.414062 0.443359 0.042969 0.089844
15 0.441406 0.443359 0.097656 0.101562
16 0.423828 0.342773 0.027344 0.095703
5 0.363281 0.423828 0.019531 0.085938
17 0.414062 0.243164 0.046875 0.099609
6 0.237305 0.000977 0.001953 0.001953
7 0.309570 0.105469 0.044922 0.152344
4 0.365234 0.181641 0.011719 0.125000
8 0.472656 0.958008 0.945312 0.080078
9 0.940430 0.958984 0.115234 0.078125
11 0.814453 0.751953 0.367188 0.332031
12 0.453125 0.557617 0.253906 0.052734
13 0.638672 0.557617 0.144531 0.052734
0 0.484375 0.518555 0.160156 0.021484
2 0.488281 0.500000 0.113281 0.011719