14 0.339844 0.521484 0.152344 0.136719
16 0.341797 0.520508 0.152344 0.154297
17 0.338867 0.370117 0.154297 0.150391
6 0.100586 0.266602 0.201172 0.330078
5 0.958008 0.628906 0.080078 0.027344
7 0.818359 0.814453 0.359375 0.269531
4 0.784180 0.640625 0.427734 0.074219
8 0.375977 0.814453 0.751953 0.269531
11 0.361328 0.640625 0.468750 0.074219
0 0.820312 0.354492 0.238281 0.052734
15 0.557617 0.382812 0.240234 0.125000
9 0.947266 0.077148 0.101562 0.087891
12 0.785156 0.063477 0.425781 0.126953
23 0.581055 0.595703 0.033203 0.011719
10 0.415039 0.590820 0.306641 0.021484