14 0.075195 0.664062 0.150391 0.066406
16 0.312500 0.689453 0.625000 0.121094
17 0.390625 0.873047 0.781250 0.250000
6 0.076172 0.008789 0.152344 0.017578
5 0.353516 0.011719 0.421875 0.023438
4 0.353516 0.487305 0.128906 0.044922
8 0.337891 0.460938 0.097656 0.003906
11 0.975586 0.442383 0.025391 0.013672
0 0.153320 0.414062 0.166016 0.085938
15 0.805664 0.690430 0.384766 0.111328
9 0.815430 0.871094 0.365234 0.253906
22 0.881836 0.488281 0.126953 0.046875
23 0.871094 0.440430 0.148438 0.009766
1 0.333984 0.314453 0.164062 0.011719
3 0.866211 0.335938 0.158203 0.050781
2 0.072266 0.556641 0.144531 0.007812