14 0.407227 0.478516 0.056641 0.105469
15 0.439453 0.475586 0.121094 0.123047
16 0.415039 0.359375 0.044922 0.113281
5 0.349609 0.502930 0.023438 0.005859
17 0.410156 0.244141 0.054688 0.117188
6 0.254883 0.060547 0.072266 0.121094
7 0.347656 0.201172 0.027344 0.078125
4 0.482422 0.877930 0.964844 0.240234
8 0.937500 0.878906 0.121094 0.238281
9 0.440430 0.677734 0.533203 0.160156
11 0.492188 0.578125 0.226562 0.039062
12 0.639648 0.578125 0.134766 0.039062
0 0.588867 0.547852 0.068359 0.017578
1 0.914062 0.545898 0.167969 0.009766