14 0.653320 0.492188 0.087891 0.082031
16 0.657227 0.494141 0.095703 0.097656
17 0.036133 0.475586 0.072266 0.041016
6 0.653320 0.399414 0.087891 0.087891
7 0.246094 0.680664 0.492188 0.123047
4 0.236328 0.868164 0.472656 0.259766
8 0.736328 0.684570 0.523438 0.126953
11 0.710938 0.871094 0.574219 0.253906
0 0.541016 0.490234 0.109375 0.089844
15 0.539062 0.402344 0.113281 0.082031
9 0.052734 0.018555 0.105469 0.037109
12 0.285156 0.017578 0.421875 0.035156
23 0.654297 0.313477 0.089844 0.091797
24 0.514648 0.315430 0.162109 0.087891
1 0.499023 0.543945 0.025391 0.005859
2 0.089844 0.604492 0.179688 0.025391