14 0.919922 0.389648 0.136719 0.083984
15 0.052734 0.307617 0.105469 0.146484
16 0.141602 0.473633 0.017578 0.072266
5 0.137695 0.301758 0.013672 0.005859
17 0.947266 0.053711 0.101562 0.091797
6 0.904297 0.149414 0.187500 0.095703
7 0.900391 0.226562 0.195312 0.054688
4 0.960938 0.230469 0.074219 0.046875
8 0.902344 0.300781 0.175781 0.089844
9 0.051758 0.176758 0.103516 0.212891
10 0.162109 0.241211 0.062500 0.126953
11 0.499023 0.904297 0.998047 0.187500
12 0.058594 0.660156 0.117188 0.070312
13 0.410156 0.718750 0.820312 0.191406
0 0.084961 0.595703 0.169922 0.054688
1 0.477539 0.594727 0.302734 0.052734
2 0.170898 0.562500 0.060547 0.007812
3 0.484375 0.554688 0.183594 0.023438