14 0.883789 0.508789 0.201172 0.009766
15 0.973633 0.267578 0.025391 0.011719
16 0.465820 0.327148 0.287109 0.138672
5 0.177734 0.835938 0.355469 0.324219
17 0.537109 0.836914 0.921875 0.322266
7 0.583984 0.628906 0.453125 0.093750
4 0.412109 0.565430 0.101562 0.029297
8 0.552734 0.565430 0.226562 0.029297
9 0.312500 0.055664 0.296875 0.111328
10 0.634766 0.054688 0.367188 0.109375
11 0.799805 0.052734 0.076172 0.105469
12 0.466797 0.182617 0.289062 0.146484
0 0.264648 0.183594 0.111328 0.140625
20 0.411133 0.473633 0.103516 0.150391