14 0.825195 0.815430 0.345703 0.251953
17 0.953125 0.105469 0.089844 0.058594
6 0.795898 0.067383 0.404297 0.134766
5 0.833984 0.400391 0.234375 0.097656
7 0.986328 0.400391 0.019531 0.097656
4 0.417969 0.813477 0.835938 0.263672
8 0.421875 0.648438 0.351562 0.062500
11 0.049805 0.750000 0.099609 0.062500
0 0.573242 0.399414 0.240234 0.095703
15 0.314453 0.391602 0.238281 0.083984
12 0.411133 0.066406 0.439453 0.132812
19 0.574219 0.506836 0.238281 0.072266
1 0.085938 0.499023 0.171875 0.060547
20 0.921875 0.161133 0.152344 0.048828
21 0.741211 0.160156 0.326172 0.050781