14 0.600586 0.487305 0.021484 0.048828
15 0.585938 0.486328 0.050781 0.054688
16 0.733398 0.486328 0.044922 0.125000
5 0.708984 0.429688 0.011719 0.003906
17 0.600586 0.431641 0.021484 0.050781
6 0.734375 0.273438 0.042969 0.046875
7 0.683594 0.375977 0.019531 0.115234
4 0.980469 0.025391 0.035156 0.050781
9 0.600586 0.377930 0.021484 0.052734
11 0.683594 0.281250 0.019531 0.113281
12 0.845703 0.108398 0.125000 0.216797
0 0.095703 0.373047 0.003906 0.035156
1 0.212891 0.380859 0.101562 0.050781
2 0.602539 0.540039 0.150391 0.009766