14 0.705078 0.353516 0.277344 0.132812
15 0.499023 0.847656 0.998047 0.300781
16 0.541016 0.648438 0.484375 0.093750
5 0.532227 0.583008 0.267578 0.033203
17 0.956055 0.571289 0.029297 0.005859
7 0.876953 0.071289 0.242188 0.142578
4 0.687500 0.214844 0.242188 0.140625
8 0.194336 0.763672 0.017578 0.015625
9 0.410156 0.576172 0.023438 0.019531
11 0.440430 0.353516 0.248047 0.132812
12 0.425781 0.215820 0.277344 0.138672
0 0.280273 0.154297 0.009766 0.015625
23 0.839844 0.422852 0.015625 0.001953