14 0.885742 0.508789 0.205078 0.009766
15 0.981445 0.263672 0.025391 0.011719
16 0.466797 0.326172 0.289062 0.140625
5 0.176758 0.836914 0.353516 0.322266
17 0.537109 0.837891 0.921875 0.320312
7 0.585938 0.629883 0.457031 0.095703
4 0.412109 0.565430 0.101562 0.029297
8 0.552734 0.565430 0.226562 0.029297
9 0.312500 0.054688 0.296875 0.109375
10 0.635742 0.053711 0.369141 0.107422
11 0.799805 0.052734 0.076172 0.105469
12 0.466797 0.181641 0.289062 0.148438
0 0.263672 0.181641 0.113281 0.140625
20 0.391602 0.474609 0.142578 0.132812