14 0.025391 0.015625 0.050781 0.031250
16 0.075195 0.497070 0.095703 0.048828
6 0.785156 0.449219 0.093750 0.011719
5 0.086914 0.447266 0.087891 0.007812
4 0.220703 0.692383 0.441406 0.115234
8 0.216797 0.874023 0.433594 0.248047
11 0.716797 0.690430 0.562500 0.115234
13 0.696289 0.871094 0.603516 0.253906
0 0.924805 0.641602 0.146484 0.021484
15 0.465820 0.420898 0.158203 0.080078
9 0.622070 0.511719 0.119141 0.078125
23 0.238281 0.018555 0.429688 0.037109
24 0.786133 0.327148 0.091797 0.048828
1 0.107422 0.341797 0.164062 0.046875
2 0.260742 0.564453 0.005859 0.003906