14 0.915039 0.569336 0.166016 0.009766
15 0.613281 0.569336 0.097656 0.009766
16 0.910156 0.585938 0.156250 0.019531
5 0.717773 0.585938 0.294922 0.019531
17 0.937500 0.610352 0.121094 0.025391
6 0.762695 0.621094 0.470703 0.046875
7 0.847656 0.241211 0.089844 0.068359
4 0.637695 0.243164 0.228516 0.068359
8 0.922852 0.184570 0.009766 0.017578
9 0.686523 0.147461 0.322266 0.123047
11 0.704102 0.046875 0.357422 0.078125
23 0.461914 0.566406 0.017578 0.003906
18 0.485352 0.517578 0.052734 0.050781