14 0.860352 0.825195 0.275391 0.267578
16 0.686523 0.637695 0.080078 0.044922
17 0.979492 0.109375 0.037109 0.027344
6 0.818359 0.062500 0.359375 0.125000
5 0.877930 0.354492 0.240234 0.021484
7 0.485352 0.818359 0.970703 0.277344
4 0.474609 0.647461 0.339844 0.064453
8 0.082031 0.777344 0.164062 0.121094
11 0.151367 0.619141 0.302734 0.007812
0 0.353516 0.388672 0.238281 0.085938
15 0.103516 0.384766 0.207031 0.078125
12 0.158203 0.063477 0.316406 0.126953
19 0.354492 0.505859 0.236328 0.078125
1 0.945312 0.150391 0.105469 0.050781
20 0.788086 0.150391 0.337891 0.050781
21 0.476562 0.152344 0.316406 0.050781