14 0.153320 0.665039 0.306641 0.107422
16 0.122070 0.843750 0.244141 0.246094
17 0.174805 0.010742 0.349609 0.021484
6 0.916992 0.470703 0.087891 0.035156
7 0.315430 0.491211 0.017578 0.076172
8 0.916992 0.434570 0.087891 0.013672
11 0.250000 0.417969 0.160156 0.054688
0 0.593750 0.665039 0.687500 0.107422
15 0.499023 0.858398 0.998047 0.279297
9 0.930664 0.694336 0.134766 0.044922
22 0.603516 0.397461 0.144531 0.068359
23 0.784180 0.470703 0.142578 0.035156
24 0.872070 0.012695 0.251953 0.025391
1 0.924805 0.329102 0.095703 0.044922
3 0.426758 0.333008 0.162109 0.052734
2 0.785156 0.328125 0.144531 0.042969