14 0.011719 0.616211 0.023438 0.005859
16 0.207031 0.667969 0.414062 0.109375
17 0.177734 0.860352 0.355469 0.275391
6 0.678711 0.666992 0.638672 0.107422
5 0.603516 0.860352 0.789062 0.275391
7 0.007812 0.010742 0.015625 0.013672
4 0.207031 0.009766 0.414062 0.019531
8 0.618164 0.010742 0.412109 0.021484
11 0.456055 0.492188 0.162109 0.078125
0 0.456055 0.404297 0.162109 0.082031
15 0.280273 0.404297 0.162109 0.082031
22 0.981445 0.382812 0.025391 0.039062
23 0.905273 0.011719 0.185547 0.023438
1 0.953125 0.333984 0.089844 0.054688
3 0.352539 0.542969 0.205078 0.007812
2 0.310547 0.559570 0.277344 0.021484