14 0.167969 0.521484 0.179688 0.136719
16 0.169922 0.520508 0.175781 0.154297
17 0.166992 0.370117 0.181641 0.150391
6 0.926758 0.769531 0.142578 0.105469
5 0.854492 0.620117 0.267578 0.009766
7 0.529297 0.816406 0.937500 0.273438
4 0.502930 0.646484 0.345703 0.062500
8 0.138672 0.814453 0.277344 0.269531
11 0.183594 0.640625 0.367188 0.074219
0 0.662109 0.377930 0.242188 0.103516
15 0.400391 0.354492 0.242188 0.056641
9 0.847656 0.062500 0.300781 0.125000
12 0.547852 0.062500 0.435547 0.125000
23 0.166992 0.590820 0.189453 0.021484
10 0.897461 0.481445 0.185547 0.029297