14 0.598633 0.552734 0.087891 0.007812
15 0.492188 0.552734 0.132812 0.007812
16 0.602539 0.564453 0.080078 0.011719
5 0.500977 0.564453 0.142578 0.011719
17 0.623047 0.585938 0.093750 0.027344
7 0.639648 0.266602 0.173828 0.052734
4 0.456055 0.267578 0.205078 0.050781
8 0.676758 0.196289 0.232422 0.087891
9 0.434570 0.197266 0.275391 0.085938
11 0.398438 0.077148 0.394531 0.154297
12 0.540039 0.507812 0.103516 0.046875
0 0.695312 0.640625 0.183594 0.078125
23 0.317383 0.559570 0.009766 0.005859
18 0.247070 0.077148 0.095703 0.154297