14 0.583008 0.496094 0.025391 0.058594
15 0.564453 0.494141 0.062500 0.066406
16 0.878906 0.504883 0.183594 0.267578
5 0.872070 0.533203 0.197266 0.308594
17 0.583008 0.429688 0.025391 0.062500
6 0.880859 0.194336 0.183594 0.388672
7 0.728516 0.325195 0.058594 0.193359
4 0.583008 0.365234 0.025391 0.062500
8 0.879883 0.096680 0.181641 0.193359
11 0.386719 0.572266 0.218750 0.023438
12 0.670898 0.613281 0.373047 0.054688
13 0.379883 0.613281 0.224609 0.054688
0 0.720703 0.758789 0.554688 0.232422
22 0.607422 0.146484 0.226562 0.109375