14 0.583008 0.540039 0.150391 0.013672
15 0.583008 0.563477 0.146484 0.029297
16 0.954102 0.599609 0.087891 0.027344
5 0.754883 0.615234 0.486328 0.070312
17 0.853516 0.198242 0.289062 0.068359
6 0.635742 0.199219 0.255859 0.070312
7 0.882812 0.097656 0.230469 0.128906
4 0.692383 0.097656 0.365234 0.128906
8 0.911133 0.015625 0.064453 0.031250
9 0.720703 0.015625 0.363281 0.031250
11 0.622070 0.478516 0.115234 0.058594
0 0.758789 0.825195 0.478516 0.345703
23 0.466797 0.478516 0.054688 0.050781
18 0.370117 0.486328 0.029297 0.128906