14 0.493164 0.503906 0.083984 0.082031
16 0.496094 0.505859 0.089844 0.093750
17 0.494141 0.413086 0.085938 0.087891
6 0.859375 0.199219 0.277344 0.398438
5 0.130859 0.684570 0.261719 0.115234
7 0.061523 0.793945 0.123047 0.103516
4 0.477539 0.679688 0.693359 0.117188
8 0.499023 0.861328 0.998047 0.273438
11 0.179688 0.408203 0.156250 0.074219
0 0.363281 0.503906 0.148438 0.089844
15 0.355469 0.415039 0.164062 0.083984
9 0.130859 0.012695 0.261719 0.025391
12 0.464844 0.021484 0.421875 0.042969
1 0.283203 0.570312 0.117188 0.019531
2 0.154297 0.607422 0.308594 0.039062