14 0.628906 0.666016 0.070312 0.007812
15 0.545898 0.666016 0.103516 0.007812
16 0.632812 0.677734 0.062500 0.011719
5 0.516602 0.676758 0.185547 0.013672
17 0.770508 0.697266 0.314453 0.023438
6 0.553711 0.695312 0.150391 0.023438
7 0.679688 0.421875 0.179688 0.035156
4 0.508789 0.423828 0.169922 0.035156
8 0.699219 0.376953 0.207031 0.054688
9 0.501953 0.379883 0.203125 0.052734
11 0.479492 0.311523 0.279297 0.087891
12 0.580078 0.621094 0.097656 0.042969
0 0.805664 0.732422 0.345703 0.046875
23 0.433594 0.951172 0.867188 0.093750