14 0.584961 0.471680 0.021484 0.048828
15 0.569336 0.470703 0.052734 0.054688
16 0.727539 0.469727 0.052734 0.134766
5 0.705078 0.472656 0.015625 0.132812
17 0.584961 0.415039 0.021484 0.052734
6 0.729492 0.269531 0.052734 0.109375
7 0.671875 0.356445 0.023438 0.119141
4 0.584961 0.359375 0.021484 0.054688
8 0.729492 0.163086 0.052734 0.216797
9 0.672852 0.256836 0.025391 0.123047
11 0.051758 0.341797 0.029297 0.011719
12 0.186523 0.361328 0.107422 0.054688
0 0.473633 0.525391 0.076172 0.011719
2 0.391602 0.541992 0.232422 0.021484