14 0.654297 0.572266 0.257812 0.015625
15 0.437500 0.572266 0.195312 0.015625
16 0.689453 0.597656 0.300781 0.031250
5 0.450195 0.597656 0.220703 0.031250
17 0.653320 0.657227 0.181641 0.083984
7 0.652344 0.221680 0.257812 0.076172
4 0.408203 0.219727 0.253906 0.076172
8 0.725586 0.113281 0.376953 0.140625
9 0.369141 0.109375 0.382812 0.144531
11 0.360352 0.020508 0.412109 0.041016
12 0.505859 0.508789 0.117188 0.052734
0 0.038086 0.353516 0.005859 0.007812
23 0.099609 0.638672 0.105469 0.042969
18 0.260742 0.189453 0.009766 0.015625