14 0.996094 0.350586 0.003906 0.009766
15 0.172852 0.287109 0.123047 0.148438
16 0.267578 0.451172 0.015625 0.070312
5 0.263672 0.285156 0.015625 0.007812
17 0.965820 0.137695 0.029297 0.013672
6 0.968750 0.186523 0.058594 0.060547
7 0.975586 0.249023 0.044922 0.064453
4 0.039062 0.093750 0.078125 0.187500
8 0.171875 0.156250 0.121094 0.226562
9 0.285156 0.226562 0.058594 0.125000
11 0.123047 0.657227 0.246094 0.130859
12 0.474609 0.700195 0.949219 0.205078
13 0.178711 0.566406 0.228516 0.050781
0 0.591797 0.573242 0.304688 0.056641
1 0.291992 0.537109 0.056641 0.007812
2 0.597656 0.532227 0.187500 0.025391
3 0.430664 0.511719 0.009766 0.003906