14 0.430664 0.541016 0.048828 0.101562
15 0.461914 0.541016 0.107422 0.113281
16 0.443359 0.430664 0.027344 0.103516
5 0.373047 0.489258 0.019531 0.017578
17 0.433594 0.324219 0.046875 0.105469
7 0.307617 0.122070 0.068359 0.244141
4 0.378906 0.299805 0.011719 0.037109
8 0.441406 0.909180 0.882812 0.177734
9 0.872070 0.911133 0.251953 0.173828
11 0.769531 0.747070 0.289062 0.150391
12 0.521484 0.646484 0.199219 0.046875
13 0.791992 0.646484 0.412109 0.046875
0 0.517578 0.610352 0.132812 0.021484
1 0.709961 0.610352 0.283203 0.021484