14 0.082031 0.464844 0.035156 0.011719
15 0.664062 0.709961 0.027344 0.056641
16 0.646484 0.709961 0.062500 0.064453
5 0.860352 0.700195 0.087891 0.193359
17 0.840820 0.704102 0.033203 0.189453
6 0.660156 0.646484 0.027344 0.058594
7 0.823242 0.496094 0.041016 0.007812
4 0.769531 0.564453 0.042969 0.148438
8 0.658203 0.586914 0.027344 0.056641
9 0.832031 0.336914 0.085938 0.248047
11 0.942383 0.163086 0.111328 0.326172
12 0.254883 0.592773 0.080078 0.056641
13 0.683594 0.774414 0.203125 0.017578
0 0.445312 0.773438 0.273438 0.015625
22 0.286133 0.853516 0.572266 0.085938
23 0.768555 0.948242 0.458984 0.099609