14 0.093750 0.660156 0.187500 0.105469
16 0.044922 0.743164 0.089844 0.056641
17 0.132812 0.008789 0.265625 0.017578
6 0.882812 0.466797 0.082031 0.035156
5 0.914062 0.445312 0.019531 0.003906
7 0.229492 0.487305 0.087891 0.076172
8 0.882812 0.400391 0.082031 0.082031
11 0.214844 0.400391 0.152344 0.082031
0 0.442383 0.660156 0.685547 0.105469
15 0.499023 0.856445 0.998047 0.283203
9 0.871094 0.660156 0.253906 0.105469
23 0.745117 0.466797 0.158203 0.035156
24 0.831055 0.009766 0.333984 0.019531
1 0.883789 0.330078 0.083984 0.054688
3 0.393555 0.328125 0.162109 0.050781
2 0.746094 0.330078 0.160156 0.054688