14 0.897461 0.520508 0.158203 0.009766
15 0.583984 0.521484 0.101562 0.011719
16 0.908203 0.538086 0.179688 0.021484
5 0.693359 0.538086 0.304688 0.021484
17 0.927734 0.565430 0.140625 0.029297
6 0.746094 0.576172 0.503906 0.050781
7 0.803711 0.182617 0.001953 0.001953
4 0.611328 0.181641 0.242188 0.074219
8 0.954102 0.074219 0.087891 0.074219
9 0.662109 0.074219 0.343750 0.136719
11 0.605469 0.468750 0.113281 0.050781
0 0.347656 0.335938 0.023438 0.117188
23 0.254883 0.756836 0.509766 0.306641
18 0.451172 0.410156 0.054688 0.054688