14 0.039062 0.687500 0.078125 0.035156
16 0.103516 0.012695 0.207031 0.025391
17 0.845703 0.491211 0.042969 0.076172
5 0.202148 0.475586 0.154297 0.044922
4 0.872070 0.432617 0.095703 0.013672
8 0.188477 0.418945 0.126953 0.044922
11 0.046875 0.404297 0.093750 0.082031
13 0.333008 0.665039 0.666016 0.107422
0 0.422852 0.857422 0.845703 0.281250
15 0.821289 0.665039 0.353516 0.107422
9 0.833984 0.859375 0.328125 0.277344
24 0.798828 0.010742 0.398438 0.021484
2 0.375000 0.332031 0.160156 0.050781