14 0.186523 0.521484 0.177734 0.136719
16 0.188477 0.520508 0.173828 0.154297
17 0.184570 0.370117 0.177734 0.150391
6 0.946289 0.751953 0.103516 0.070312
5 0.876953 0.616211 0.242188 0.001953
7 0.565430 0.815430 0.865234 0.271484
4 0.538086 0.646484 0.345703 0.062500
8 0.157227 0.814453 0.314453 0.269531
11 0.194336 0.640625 0.388672 0.074219
0 0.678711 0.381836 0.240234 0.123047
15 0.416016 0.351562 0.242188 0.062500
9 0.858398 0.062500 0.279297 0.125000
12 0.577148 0.062500 0.435547 0.125000
23 0.195312 0.590820 0.203125 0.021484
10 0.910156 0.481445 0.175781 0.029297