14 0.183594 0.824219 0.367188 0.347656
15 0.526367 0.824219 0.943359 0.347656
16 0.775391 0.516602 0.027344 0.009766
17 0.512695 0.370117 0.201172 0.099609
7 0.585938 0.611328 0.343750 0.078125
4 0.427734 0.558594 0.031250 0.023438
8 0.591797 0.557617 0.152344 0.029297
9 0.480469 0.530273 0.050781 0.001953
10 0.567383 0.536133 0.126953 0.013672
11 0.318359 0.068359 0.351562 0.136719
12 0.647461 0.065430 0.349609 0.130859
0 0.620117 0.169922 0.248047 0.089844
2 0.811523 0.144531 0.095703 0.023438
3 0.510742 0.267578 0.205078 0.105469
23 0.344727 0.259766 0.123047 0.082031
20 0.321289 0.472656 0.166016 0.089844
21 0.364258 0.423828 0.001953 0.003906