14 0.056641 0.659180 0.113281 0.099609
17 0.121094 0.010742 0.203125 0.021484
6 0.861328 0.489258 0.066406 0.076172
5 0.859375 0.448242 0.058594 0.001953
7 0.196289 0.452148 0.123047 0.001953
8 0.877930 0.433594 0.095703 0.019531
11 0.197266 0.416016 0.121094 0.046875
13 0.054688 0.402344 0.109375 0.082031
0 0.355469 0.662109 0.683594 0.105469
15 0.459961 0.856445 0.919922 0.283203
9 0.834961 0.663086 0.326172 0.107422
23 0.732422 0.468750 0.160156 0.035156
24 0.416016 0.010742 0.410156 0.021484
1 0.807617 0.009766 0.380859 0.019531
3 0.054688 0.332031 0.109375 0.054688
2 0.380859 0.321289 0.160156 0.033203