14 0.690430 0.492188 0.087891 0.082031
16 0.696289 0.494141 0.099609 0.097656
17 0.054688 0.477539 0.109375 0.044922
6 0.691406 0.399414 0.089844 0.087891
5 0.020508 0.404297 0.041016 0.082031
4 0.307617 0.680664 0.615234 0.123047
8 0.348633 0.867188 0.697266 0.261719
11 0.788086 0.683594 0.419922 0.125000
15 0.540039 0.490234 0.142578 0.078125
9 0.590820 0.490234 0.037109 0.089844
12 0.579102 0.402344 0.064453 0.082031
23 0.372070 0.017578 0.419922 0.035156
24 0.051758 0.318359 0.103516 0.085938
1 0.201172 0.316406 0.156250 0.082031
3 0.716797 0.560547 0.218750 0.023438
2 0.119141 0.600586 0.238281 0.017578