14 0.427734 0.528320 0.148438 0.142578
16 0.428711 0.528320 0.146484 0.162109
17 0.426758 0.369141 0.150391 0.156250
6 0.220703 0.240234 0.175781 0.394531
5 0.889648 0.801758 0.216797 0.189453
7 0.837891 0.660156 0.320312 0.089844
4 0.499023 0.852539 0.998047 0.291016
8 0.516602 0.660156 0.521484 0.089844
11 0.902344 0.376953 0.191406 0.105469
0 0.839844 0.056641 0.316406 0.113281
15 0.514648 0.056641 0.443359 0.113281
9 0.738281 0.608398 0.152344 0.013672
12 0.514648 0.601562 0.318359 0.023438
23 0.647461 0.519531 0.251953 0.121094
10 0.577148 0.518555 0.111328 0.138672