14 0.041016 0.460938 0.082031 0.035156
16 0.679688 0.422852 0.085938 0.013672
17 0.017578 0.422852 0.035156 0.017578
6 0.056641 0.704102 0.113281 0.041016
5 0.024414 0.739258 0.048828 0.029297
7 0.416016 0.664062 0.722656 0.117188
4 0.499023 0.857422 0.998047 0.281250
8 0.818359 0.658203 0.359375 0.113281
11 0.889648 0.799805 0.216797 0.173828
13 0.363281 0.398438 0.160156 0.062500
0 0.570312 0.462891 0.093750 0.035156
15 0.586914 0.441406 0.060547 0.003906
9 0.564453 0.426758 0.113281 0.021484
12 0.546875 0.001953 0.187500 0.003906
23 0.682617 0.298828 0.087891 0.050781
24 0.541016 0.300781 0.164062 0.058594
1 0.166992 0.537109 0.001953 0.003906
3 0.148438 0.576172 0.296875 0.011719
2 0.463867 0.586914 0.341797 0.037109