14 0.199219 0.525391 0.175781 0.136719
16 0.201172 0.524414 0.171875 0.154297
17 0.197266 0.372070 0.175781 0.150391
6 0.005859 0.342773 0.011719 0.189453
5 0.964844 0.739258 0.066406 0.041016
7 0.873047 0.618164 0.250000 0.001953
4 0.609375 0.817383 0.777344 0.271484
8 0.570312 0.648438 0.351562 0.062500
11 0.177734 0.818359 0.355469 0.269531
0 0.915039 0.375000 0.166016 0.050781
15 0.688477 0.379883 0.240234 0.111328
9 0.427734 0.385742 0.242188 0.123047
12 0.868164 0.066406 0.259766 0.132812
23 0.206055 0.065430 0.412109 0.130859
10 0.221680 0.594727 0.224609 0.021484