14 0.052734 0.380859 0.039062 0.011719
15 0.637695 0.625977 0.025391 0.056641
16 0.621094 0.625000 0.058594 0.062500
5 0.832031 0.616211 0.085938 0.185547
17 0.811523 0.620117 0.033203 0.181641
6 0.637695 0.565430 0.025391 0.056641
7 0.800781 0.416992 0.039062 0.009766
4 0.744141 0.484375 0.039062 0.144531
8 0.635742 0.506836 0.025391 0.056641
9 0.816406 0.252930 0.085938 0.255859
11 0.940430 0.123047 0.115234 0.246094
12 0.233398 0.510742 0.080078 0.056641
13 0.656250 0.687500 0.195312 0.015625
0 0.427734 0.686523 0.261719 0.013672
22 0.274414 0.762695 0.548828 0.080078