14 0.592773 0.501953 0.021484 0.050781
15 0.576172 0.500977 0.054688 0.056641
16 0.754883 0.500977 0.064453 0.154297
5 0.732422 0.501953 0.023438 0.148438
17 0.592773 0.443359 0.021484 0.054688
6 0.754883 0.280273 0.064453 0.115234
7 0.689453 0.375977 0.027344 0.130859
4 0.592773 0.386719 0.021484 0.054688
8 0.754883 0.175781 0.064453 0.222656
9 0.689453 0.272461 0.027344 0.130859
11 0.186523 0.388672 0.103516 0.054688
12 0.602539 0.558594 0.169922 0.011719
13 0.476562 0.557617 0.082031 0.013672
0 0.612305 0.578125 0.201172 0.023438
1 0.383789 0.578125 0.263672 0.023438
2 0.623047 0.620117 0.246094 0.056641
22 0.722656 0.784180 0.550781 0.271484
23 0.249023 0.778320 0.498047 0.263672