14 0.636719 0.496094 0.019531 0.046875
15 0.622070 0.495117 0.048828 0.052734
16 0.754883 0.494141 0.037109 0.113281
5 0.734375 0.497070 0.011719 0.115234
17 0.636719 0.441406 0.019531 0.050781
6 0.761719 0.291016 0.023438 0.027344
7 0.714844 0.366211 0.011719 0.009766
4 0.964844 0.072266 0.066406 0.101562
8 0.636719 0.388672 0.019531 0.050781
9 0.754883 0.227539 0.037109 0.173828
11 0.842773 0.124023 0.091797 0.248047
12 0.964844 0.047852 0.066406 0.095703
13 0.277344 0.395508 0.070312 0.044922
0 0.638672 0.545898 0.148438 0.009766