14 0.147461 0.596680 0.021484 0.005859
15 0.029297 0.362305 0.058594 0.044922
16 0.994141 0.038086 0.007812 0.001953
5 0.499023 0.837891 0.998047 0.320312
17 0.115234 0.633789 0.230469 0.064453
7 0.912109 0.755859 0.113281 0.156250
4 0.791016 0.638672 0.359375 0.074219
8 0.148438 0.024414 0.042969 0.044922
9 0.444336 0.024414 0.353516 0.048828
11 0.901367 0.321289 0.193359 0.173828
0 0.612305 0.140625 0.365234 0.183594
1 0.244141 0.320312 0.367188 0.175781
2 0.292969 0.139648 0.269531 0.185547
3 0.900391 0.506836 0.195312 0.166016