14 0.403320 0.478516 0.056641 0.109375
15 0.436523 0.475586 0.123047 0.126953
16 0.409180 0.357422 0.048828 0.113281
5 0.341797 0.502930 0.027344 0.005859
17 0.405273 0.240234 0.056641 0.117188
6 0.254883 0.065430 0.056641 0.095703
7 0.339844 0.194336 0.031250 0.080078
4 0.481445 0.888672 0.962891 0.218750
8 0.955078 0.889648 0.085938 0.216797
9 0.436523 0.690430 0.580078 0.177734
11 0.488281 0.579102 0.234375 0.041016
12 0.638672 0.579102 0.136719 0.041016
0 0.587891 0.548828 0.070312 0.015625
1 0.906250 0.544922 0.156250 0.007812