14 0.546875 0.496094 0.023438 0.054688
15 0.530273 0.495117 0.056641 0.060547
16 0.125000 0.469727 0.054688 0.001953
5 0.095703 0.465820 0.113281 0.001953
17 0.754883 0.498047 0.099609 0.187500
6 0.724609 0.502930 0.042969 0.189453
7 0.547852 0.434570 0.025391 0.056641
4 0.755859 0.217773 0.101562 0.154297
8 0.662109 0.353516 0.039062 0.156250
9 0.547852 0.374023 0.025391 0.060547
11 0.662109 0.227539 0.039062 0.177734
12 0.891602 0.045898 0.083984 0.091797
13 0.102539 0.372070 0.123047 0.060547
0 0.563477 0.561523 0.197266 0.017578
22 0.609375 0.662109 0.347656 0.105469