14 0.049805 0.705078 0.099609 0.031250
16 0.250977 0.751953 0.501953 0.125000
17 0.241211 0.905273 0.482422 0.185547
6 0.741211 0.755859 0.513672 0.128906
5 0.726562 0.907227 0.542969 0.181641
7 0.057617 0.052734 0.115234 0.105469
4 0.262695 0.051758 0.478516 0.103516
8 0.736328 0.048828 0.472656 0.097656
11 0.515625 0.565430 0.164062 0.080078
13 0.507812 0.565430 0.148438 0.091797
0 0.515625 0.475586 0.164062 0.083984
15 0.338867 0.476562 0.162109 0.082031
22 0.950195 0.044922 0.095703 0.089844
23 0.515625 0.390625 0.164062 0.085938
1 0.220703 0.616211 0.234375 0.009766
3 0.375977 0.633789 0.275391 0.021484
2 0.617188 0.617188 0.203125 0.007812