14 0.561523 0.261719 0.025391 0.058594
15 0.544922 0.260742 0.058594 0.064453
16 0.759766 0.248047 0.101562 0.191406
5 0.735352 0.251953 0.056641 0.187500
17 0.563477 0.195312 0.025391 0.062500
6 0.750000 0.025391 0.042969 0.011719
7 0.681641 0.103516 0.046875 0.171875
4 0.563477 0.128906 0.025391 0.066406
8 0.684570 0.030273 0.041016 0.060547
9 0.120117 0.128906 0.091797 0.066406
11 0.347656 0.323242 0.265625 0.013672
12 0.591797 0.345703 0.234375 0.027344
13 0.292969 0.345703 0.371094 0.027344
0 0.607422 0.397461 0.300781 0.072266
22 0.666016 0.985352 0.664062 0.025391
23 0.168945 0.987305 0.337891 0.021484