14 0.718750 0.549805 0.015625 0.005859
15 0.639648 0.549805 0.166016 0.005859
16 0.956055 0.560547 0.001953 0.003906
5 0.640625 0.557617 0.171875 0.009766
17 0.925781 0.574219 0.062500 0.019531
6 0.581055 0.573242 0.107422 0.017578
7 0.609375 0.286133 0.160156 0.044922
4 0.636719 0.225586 0.214844 0.072266
8 0.676758 0.125000 0.302734 0.132812
9 0.634766 0.508789 0.101562 0.044922
11 0.421875 0.416992 0.011719 0.064453
0 0.745117 0.753906 0.505859 0.246094
23 0.429688 0.606445 0.191406 0.044922
18 0.499023 0.507812 0.044922 0.050781