14 0.996094 0.682617 0.003906 0.001953
16 0.925781 0.642578 0.144531 0.074219
17 0.744141 0.821289 0.507812 0.279297
6 0.923828 0.651367 0.128906 0.056641
5 0.911133 0.061523 0.173828 0.123047
7 0.717773 0.062500 0.435547 0.125000
4 0.760742 0.386719 0.232422 0.113281
8 0.954102 0.380859 0.087891 0.125000
11 0.248047 0.818359 0.496094 0.277344
0 0.079102 0.630859 0.158203 0.031250
15 0.501953 0.394531 0.242188 0.101562
19 0.953125 0.513672 0.089844 0.117188
1 0.759766 0.497070 0.230469 0.068359
21 0.501953 0.505859 0.242188 0.078125