14 0.073242 0.015625 0.146484 0.031250
16 0.801758 0.511719 0.009766 0.078125
17 0.800781 0.512695 0.007812 0.083984
6 0.200195 0.496094 0.064453 0.046875
5 0.134766 0.469727 0.136719 0.001953
7 0.836914 0.421875 0.076172 0.070312
4 0.133789 0.430664 0.126953 0.041016
8 0.025391 0.420898 0.050781 0.083984
11 0.303711 0.693359 0.607422 0.117188
0 0.792969 0.690430 0.410156 0.115234
15 0.803711 0.872070 0.388672 0.251953
9 0.981445 0.634766 0.033203 0.003906
24 0.765625 0.021484 0.433594 0.042969
1 0.969727 0.021484 0.056641 0.042969
2 0.320312 0.341797 0.144531 0.046875