14 0.606445 0.548828 0.099609 0.007812
15 0.490234 0.548828 0.144531 0.007812
16 0.611328 0.561523 0.089844 0.013672
5 0.500000 0.561523 0.152344 0.013672
17 0.635742 0.586914 0.111328 0.033203
7 0.648438 0.246094 0.187500 0.058594
4 0.452148 0.247070 0.220703 0.056641
8 0.693359 0.166016 0.257812 0.101562
9 0.429688 0.166992 0.296875 0.099609
11 0.401367 0.059570 0.388672 0.119141
12 0.540039 0.500977 0.107422 0.048828
0 0.744141 0.663086 0.261719 0.115234
23 0.278320 0.561523 0.013672 0.013672