14 0.584961 0.475586 0.021484 0.048828
15 0.569336 0.475586 0.052734 0.056641
16 0.734375 0.475586 0.054688 0.142578
5 0.710938 0.476562 0.015625 0.136719
17 0.584961 0.418945 0.021484 0.052734
6 0.735352 0.267578 0.056641 0.113281
7 0.674805 0.357422 0.025391 0.125000
4 0.584961 0.363281 0.021484 0.054688
8 0.735352 0.167969 0.056641 0.207031
9 0.675781 0.250000 0.023438 0.136719
11 0.051758 0.339844 0.021484 0.003906
12 0.183594 0.365234 0.105469 0.054688
0 0.472656 0.530273 0.078125 0.009766
2 0.383789 0.547852 0.248047 0.021484