14 0.319336 0.529297 0.166016 0.144531
16 0.321289 0.528320 0.162109 0.162109
17 0.317383 0.369141 0.166016 0.156250
6 0.080078 0.289062 0.160156 0.296875
5 0.979492 0.651367 0.037109 0.013672
7 0.800781 0.852539 0.394531 0.291016
4 0.780273 0.660156 0.435547 0.089844
8 0.341797 0.852539 0.683594 0.291016
11 0.317383 0.660156 0.505859 0.089844
0 0.823242 0.354492 0.251953 0.060547
15 0.548828 0.382812 0.253906 0.128906
9 0.958008 0.057617 0.080078 0.072266
12 0.778320 0.056641 0.439453 0.113281
23 0.580078 0.607422 0.035156 0.011719
10 0.388672 0.601562 0.308594 0.023438