14 0.059570 0.662109 0.119141 0.046875
16 0.283203 0.698242 0.566406 0.123047
17 0.329102 0.876953 0.658203 0.242188
6 0.059570 0.013672 0.119141 0.027344
5 0.316406 0.016602 0.429688 0.033203
7 0.987305 0.491211 0.017578 0.033203
8 0.317383 0.496094 0.150391 0.046875
11 0.284180 0.468750 0.087891 0.003906
13 0.978516 0.416016 0.035156 0.066406
0 0.314453 0.435547 0.152344 0.058594
15 0.138672 0.422852 0.164062 0.083984
22 0.983398 0.643555 0.005859 0.017578
23 0.666992 0.436523 0.142578 0.048828
24 0.851562 0.433594 0.156250 0.039062
1 0.745117 0.019531 0.431641 0.039062
3 0.319336 0.323242 0.162109 0.013672
2 0.138672 0.334961 0.164062 0.087891