14 0.669922 0.466797 0.269531 0.242188
16 0.668945 0.217773 0.267578 0.279297
5 0.193359 0.254883 0.167969 0.208984
17 0.242188 0.838867 0.484375 0.318359
6 0.346680 0.634766 0.302734 0.085938
7 0.861328 0.172852 0.023438 0.236328
4 0.715820 0.838867 0.564453 0.318359
8 0.637695 0.635742 0.302734 0.087891
9 0.923828 0.415039 0.148438 0.349609
10 0.855469 0.300781 0.050781 0.046875
11 0.668945 0.073242 0.267578 0.146484
12 0.172852 0.075195 0.208984 0.150391
0 0.235352 0.475586 0.080078 0.228516
23 0.406250 0.074219 0.253906 0.148438