14 0.972656 0.714844 0.019531 0.011719
16 0.864258 0.632812 0.169922 0.031250
17 0.879883 0.067383 0.236328 0.134766
6 0.023438 0.475586 0.046875 0.013672
5 0.022461 0.358398 0.044922 0.052734
7 0.926758 0.400391 0.142578 0.097656
4 0.661133 0.814453 0.673828 0.265625
8 0.640625 0.648438 0.398438 0.062500
11 0.201172 0.815430 0.402344 0.267578
0 0.050781 0.631836 0.101562 0.029297
15 0.710938 0.398438 0.238281 0.097656
20 0.710938 0.484375 0.238281 0.027344
21 0.448242 0.509766 0.232422 0.078125