14 0.232422 0.837891 0.464844 0.320312
15 0.644531 0.838867 0.707031 0.318359
5 0.827148 0.554688 0.025391 0.003906
17 0.777344 0.433594 0.039062 0.023438
7 0.426758 0.639648 0.158203 0.076172
4 0.639648 0.642578 0.345703 0.078125
8 0.490234 0.586914 0.066406 0.029297
9 0.653320 0.586914 0.287109 0.029297
10 0.508789 0.563477 0.044922 0.013672
11 0.592773 0.564453 0.130859 0.015625
12 0.355469 0.020508 0.304688 0.041016
0 0.378906 0.104492 0.289062 0.146484
23 0.931641 0.006836 0.027344 0.013672
24 0.937500 0.195312 0.031250 0.031250