14 0.089844 0.665039 0.179688 0.107422
16 0.041992 0.746094 0.083984 0.050781
17 0.129883 0.010742 0.259766 0.021484
6 0.875000 0.470703 0.082031 0.035156
5 0.906250 0.449219 0.019531 0.003906
7 0.221680 0.491211 0.087891 0.076172
4 0.221680 0.493164 0.087891 0.083984
8 0.875000 0.404297 0.082031 0.082031
11 0.207031 0.403320 0.152344 0.083984
0 0.434570 0.665039 0.689453 0.107422
15 0.499023 0.858398 0.998047 0.279297
9 0.862305 0.664062 0.271484 0.105469
23 0.737305 0.470703 0.158203 0.035156
24 0.827148 0.012695 0.341797 0.025391
1 0.875977 0.333984 0.080078 0.054688
3 0.387695 0.332031 0.162109 0.050781
2 0.739258 0.333984 0.158203 0.054688