14 0.551758 0.444336 0.068359 0.005859
15 0.435547 0.445312 0.171875 0.007812
16 0.554688 0.455078 0.062500 0.011719
5 0.441406 0.455078 0.179688 0.011719
17 0.679688 0.472656 0.289062 0.019531
6 0.477539 0.473633 0.142578 0.021484
7 0.611328 0.194336 0.187500 0.037109
4 0.432617 0.193359 0.181641 0.039062
8 0.633789 0.144531 0.216797 0.058594
9 0.423828 0.144531 0.222656 0.058594
11 0.396484 0.061523 0.316406 0.103516
12 0.504883 0.400391 0.095703 0.042969
0 0.775391 0.505859 0.445312 0.042969
23 0.484375 0.833984 0.968750 0.328125