14 0.627930 0.547852 0.177734 0.013672
15 0.429688 0.547852 0.242188 0.013672
16 0.635742 0.571289 0.162109 0.029297
5 0.444336 0.571289 0.271484 0.029297
17 0.719727 0.639648 0.271484 0.103516
6 0.434570 0.640625 0.490234 0.105469
7 0.660156 0.153320 0.242188 0.099609
4 0.408203 0.153320 0.285156 0.099609
8 0.749023 0.050781 0.392578 0.101562
9 0.385742 0.050781 0.361328 0.101562
11 0.519531 0.488281 0.125000 0.054688
12 0.519531 0.488281 0.125000 0.062500
0 0.484375 0.845703 0.968750 0.304688
23 0.351562 0.487305 0.062500 0.064453