14 0.557617 0.561523 0.025391 0.056641
15 0.540039 0.560547 0.060547 0.062500
16 0.097656 0.534180 0.054688 0.001953
5 0.084961 0.530273 0.083984 0.001953
17 0.782227 0.576172 0.115234 0.226562
6 0.779297 0.585938 0.105469 0.234375
7 0.556641 0.499023 0.023438 0.056641
4 0.776367 0.274414 0.111328 0.169922
8 0.676758 0.414062 0.044922 0.160156
9 0.556641 0.438477 0.023438 0.060547
11 0.675781 0.295898 0.042969 0.166016
12 0.934570 0.064453 0.111328 0.128906
13 0.108398 0.437500 0.123047 0.058594
0 0.576172 0.630859 0.207031 0.019531
22 0.640625 0.749023 0.402344 0.130859