14 0.065430 0.657227 0.130859 0.052734
16 0.293945 0.689453 0.587891 0.121094
17 0.352539 0.873047 0.705078 0.250000
6 0.065430 0.008789 0.130859 0.017578
5 0.331055 0.011719 0.423828 0.023438
7 0.975586 0.482422 0.044922 0.035156
4 0.333984 0.487305 0.148438 0.044922
8 0.316406 0.460938 0.113281 0.003906
11 0.975586 0.412109 0.044922 0.074219
0 0.144531 0.414062 0.164062 0.085938
15 0.788086 0.687500 0.419922 0.117188
22 0.677734 0.428711 0.140625 0.048828
23 0.860352 0.488281 0.150391 0.046875
24 0.969727 0.014648 0.056641 0.029297
1 0.977539 0.342773 0.041016 0.060547
3 0.500977 0.325195 0.158203 0.033203
2 0.858398 0.335938 0.158203 0.050781