14 0.618164 0.495117 0.021484 0.048828
15 0.602539 0.494141 0.052734 0.054688
16 0.750977 0.494141 0.044922 0.125000
5 0.726562 0.436523 0.011719 0.001953
17 0.618164 0.439453 0.021484 0.050781
6 0.750977 0.282227 0.044922 0.048828
7 0.700195 0.383789 0.021484 0.115234
4 0.988281 0.034180 0.019531 0.052734
8 0.618164 0.385742 0.021484 0.052734
9 0.750977 0.214844 0.044922 0.179688
11 0.862305 0.112305 0.123047 0.224609
12 0.988281 0.014648 0.019531 0.029297
0 0.234375 0.388672 0.097656 0.050781
1 0.620117 0.547852 0.150391 0.009766
2 0.509766 0.546875 0.070312 0.011719