14 0.565430 0.599609 0.025391 0.054688
15 0.547852 0.599609 0.060547 0.062500
16 0.773438 0.607422 0.101562 0.210938
5 0.770508 0.617188 0.087891 0.218750
17 0.563477 0.538086 0.025391 0.056641
6 0.765625 0.325195 0.093750 0.146484
7 0.678711 0.457031 0.041016 0.152344
4 0.563477 0.478516 0.025391 0.058594
8 0.762695 0.210938 0.099609 0.281250
9 0.674805 0.341797 0.041016 0.152344
11 0.125000 0.478516 0.121094 0.058594
12 0.582031 0.665039 0.199219 0.017578
13 0.399414 0.665039 0.169922 0.017578
0 0.609375 0.693359 0.269531 0.035156
22 0.708008 0.910156 0.580078 0.175781