14 0.593750 0.517578 0.062500 0.003906
15 0.507812 0.517578 0.109375 0.003906
16 0.590820 0.526367 0.048828 0.009766
5 0.514648 0.526367 0.115234 0.009766
17 0.735352 0.541992 0.318359 0.017578
7 0.631836 0.267578 0.142578 0.039062
4 0.475586 0.268555 0.177734 0.041016
8 0.686523 0.214844 0.240234 0.062500
9 0.458984 0.217773 0.226562 0.060547
11 0.462891 0.132812 0.250000 0.109375
12 0.550781 0.478516 0.097656 0.042969
0 0.793945 0.569336 0.408203 0.037109
23 0.468750 0.858398 0.937500 0.279297
18 0.216797 0.544922 0.035156 0.003906