14 0.892578 0.796875 0.210938 0.183594
16 0.838867 0.658203 0.318359 0.089844
17 0.499023 0.850586 0.998047 0.294922
6 0.548828 0.658203 0.468750 0.089844
5 0.841797 0.056641 0.312500 0.113281
7 0.519531 0.057617 0.441406 0.115234
4 0.651367 0.380859 0.251953 0.128906
8 0.898438 0.380859 0.199219 0.128906
11 0.098633 0.828125 0.197266 0.250000
0 0.378906 0.396484 0.250000 0.101562
15 0.115234 0.389648 0.230469 0.087891
1 0.897461 0.516602 0.201172 0.138672
20 0.650391 0.517578 0.250000 0.121094
2 0.385742 0.454102 0.236328 0.001953