14 0.158203 0.529297 0.183594 0.144531
16 0.160156 0.528320 0.179688 0.162109
17 0.156250 0.369141 0.187500 0.156250
6 0.954102 0.791016 0.087891 0.070312
5 0.531250 0.853516 0.933594 0.289062
7 0.515625 0.675781 0.378906 0.062500
4 0.135742 0.852539 0.271484 0.291016
8 0.178711 0.660156 0.357422 0.089844
11 0.913086 0.370117 0.169922 0.052734
0 0.403320 0.354492 0.251953 0.060547
15 0.858398 0.055664 0.279297 0.111328
9 0.560547 0.055664 0.441406 0.111328
12 0.185547 0.056641 0.371094 0.113281
23 0.157227 0.601562 0.189453 0.023438
10 0.912109 0.489258 0.171875 0.025391