14 0.857422 0.578125 0.085938 0.031250
15 0.835938 0.598633 0.039062 0.005859
16 0.931641 0.361328 0.023438 0.007812
5 0.458984 0.352539 0.324219 0.154297
17 0.167969 0.927734 0.335938 0.140625
7 0.277344 0.754883 0.312500 0.205078
4 0.667969 0.753906 0.660156 0.203125
8 0.396484 0.626953 0.117188 0.046875
9 0.535156 0.626953 0.199219 0.046875
10 0.316406 0.055664 0.281250 0.111328
11 0.655273 0.055664 0.412109 0.111328
12 0.847656 0.605469 0.015625 0.003906
0 0.826172 0.188477 0.031250 0.150391