14 0.261719 0.321289 0.503906 0.259766
16 0.775391 0.595703 0.445312 0.250000
17 0.778320 0.594727 0.439453 0.283203
6 0.775391 0.320312 0.445312 0.261719
5 0.775391 0.094727 0.445312 0.189453
7 0.111328 0.832031 0.222656 0.187500
4 0.025391 0.950195 0.050781 0.048828
8 0.526367 0.833984 0.943359 0.195312
11 0.499023 0.962891 0.998047 0.070312
13 0.923828 0.812500 0.148438 0.148438
0 0.127930 0.003906 0.224609 0.007812
15 0.491211 0.001953 0.044922 0.003906
9 0.261719 0.595703 0.503906 0.246094
12 0.279297 0.593750 0.468750 0.281250