14 0.946289 0.635742 0.103516 0.037109
16 0.933594 0.075195 0.128906 0.115234
17 0.068359 0.523438 0.136719 0.113281
6 0.000977 0.518555 0.001953 0.138672
5 0.067383 0.382812 0.134766 0.128906
7 0.968750 0.390625 0.046875 0.078125
4 0.799805 0.814453 0.396484 0.265625
8 0.777344 0.648438 0.441406 0.062500
11 0.350586 0.816406 0.701172 0.269531
0 0.012695 0.705078 0.001953 0.042969
15 0.109375 0.649414 0.218750 0.064453
9 0.801758 0.393555 0.236328 0.087891
12 0.541016 0.399414 0.242188 0.099609
23 0.775391 0.066406 0.445312 0.132812
19 0.115234 0.063477 0.230469 0.126953
20 0.966797 0.483398 0.046875 0.025391
21 0.799805 0.509766 0.236328 0.078125