14 0.676758 0.484375 0.044922 0.082031
16 0.683594 0.485352 0.058594 0.095703
17 0.029297 0.461914 0.050781 0.037109
6 0.656250 0.393555 0.089844 0.087891
5 0.007812 0.678711 0.015625 0.009766
7 0.333984 0.664062 0.667969 0.117188
4 0.452148 0.857422 0.904297 0.281250
8 0.789062 0.658203 0.417969 0.113281
11 0.834961 0.855469 0.326172 0.285156
0 0.483398 0.462891 0.099609 0.035156
9 0.538086 0.422852 0.115234 0.013672
12 0.486328 0.001953 0.187500 0.003906
23 0.657227 0.306641 0.087891 0.089844
24 0.515625 0.297852 0.164062 0.052734
1 0.687500 0.533203 0.066406 0.007812
3 0.398438 0.586914 0.355469 0.037109
2 0.750000 0.582031 0.402344 0.042969