14 0.070312 0.874023 0.140625 0.197266
15 0.531250 0.887695 0.933594 0.220703
16 0.862305 0.517578 0.060547 0.023438
5 0.859375 0.531250 0.054688 0.007812
17 0.822266 0.335938 0.144531 0.070312
7 0.184570 0.683594 0.333984 0.179688
4 0.611328 0.688477 0.683594 0.185547
8 0.404297 0.571289 0.109375 0.041016
9 0.548828 0.572266 0.187500 0.042969
10 0.444336 0.540039 0.064453 0.017578
11 0.544922 0.541016 0.164062 0.019531
12 0.308594 0.026367 0.300781 0.052734
0 0.337891 0.110352 0.277344 0.119141
1 0.627930 0.107422 0.333984 0.121094
2 0.890625 0.570312 0.117188 0.035156
3 0.866211 0.541992 0.068359 0.017578
23 0.766602 0.097656 0.064453 0.101562
19 0.483398 0.230469 0.228516 0.121094
20 0.078125 0.110352 0.125000 0.095703
21 0.276367 0.357422 0.146484 0.097656