14 0.235352 0.565430 0.208984 0.013672
15 0.250977 0.583008 0.240234 0.025391
16 0.259766 0.620117 0.324219 0.056641
5 0.216797 0.237305 0.250000 0.080078
17 0.072266 0.227539 0.101562 0.072266
6 0.199219 0.147461 0.347656 0.142578
7 0.035156 0.132812 0.070312 0.121094
4 0.205078 0.058594 0.410156 0.117188
8 0.011719 0.051758 0.023438 0.044922
9 0.183594 0.509766 0.105469 0.054688
11 0.583984 0.440430 0.035156 0.021484
0 0.020508 0.421875 0.021484 0.007812
1 0.583984 0.416016 0.035156 0.031250
2 0.001953 0.415039 0.003906 0.001953