14 0.872070 0.807617 0.251953 0.232422
16 0.703125 0.638672 0.093750 0.042969
17 0.978516 0.121094 0.039062 0.027344
6 0.821289 0.067383 0.353516 0.134766
5 0.881836 0.400391 0.224609 0.097656
7 0.499023 0.814453 0.998047 0.265625
4 0.486328 0.648438 0.335938 0.062500
8 0.096680 0.782227 0.193359 0.197266
11 0.158203 0.649414 0.316406 0.064453
0 0.359375 0.395508 0.234375 0.091797
15 0.106445 0.387695 0.212891 0.080078
12 0.163086 0.066406 0.326172 0.132812
19 0.360352 0.508789 0.232422 0.076172
1 0.943359 0.161133 0.109375 0.048828
20 0.789062 0.160156 0.332031 0.050781
21 0.486328 0.159180 0.312500 0.048828