14 0.099609 0.691406 0.199219 0.101562
16 0.353516 0.700195 0.707031 0.123047
17 0.471680 0.877930 0.943359 0.240234
6 0.100586 0.014648 0.201172 0.029297
5 0.400391 0.017578 0.429688 0.035156
4 0.360352 0.514648 0.154297 0.080078
8 0.350586 0.470703 0.134766 0.003906
11 0.990234 0.452148 0.015625 0.013672
0 0.174805 0.424805 0.166016 0.083984
15 0.842773 0.697266 0.310547 0.117188
9 0.859375 0.876953 0.277344 0.242188
12 0.715820 0.436523 0.130859 0.044922
22 0.926758 0.499023 0.068359 0.048828
23 0.895508 0.450195 0.130859 0.009766
1 0.174805 0.335938 0.166016 0.089844
3 0.087891 0.565430 0.175781 0.009766
2 0.059570 0.583008 0.119141 0.021484