14 0.697266 0.502930 0.316406 0.025391
15 0.560547 0.498047 0.054688 0.019531
16 0.723633 0.537109 0.380859 0.054688
5 0.206055 0.527344 0.087891 0.015625
17 0.698242 0.642578 0.599609 0.183594
6 0.143555 0.537109 0.017578 0.003906
7 0.707031 0.071289 0.332031 0.142578
4 0.447266 0.097656 0.292969 0.105469
8 0.693359 0.021484 0.351562 0.042969
9 0.460938 0.028320 0.152344 0.056641
11 0.665039 0.431641 0.130859 0.066406
0 0.499023 0.839844 0.998047 0.316406
19 0.915039 0.506836 0.166016 0.025391
20 0.928711 0.542969 0.138672 0.050781