14 0.601562 0.532227 0.082031 0.005859
15 0.500977 0.531250 0.126953 0.007812
16 0.598633 0.541992 0.060547 0.009766
5 0.508789 0.541992 0.134766 0.009766
17 0.623047 0.560547 0.085938 0.023438
7 0.642578 0.253906 0.164062 0.050781
4 0.464844 0.254883 0.199219 0.048828
8 0.675781 0.187500 0.218750 0.082031
9 0.445312 0.189453 0.261719 0.082031
11 0.417969 0.075195 0.363281 0.150391
12 0.942383 0.514648 0.041016 0.001953
0 0.547852 0.487305 0.103516 0.052734
23 0.342773 0.530273 0.001953 0.005859
18 0.371094 0.245117 0.011719 0.017578