14 0.585938 0.529297 0.128906 0.011719
15 0.438477 0.530273 0.181641 0.009766
16 0.590820 0.546875 0.119141 0.019531
5 0.451172 0.547852 0.195312 0.021484
17 0.634766 0.586914 0.164062 0.056641
7 0.620117 0.181641 0.201172 0.078125
4 0.405273 0.180664 0.248047 0.080078
8 0.685547 0.071289 0.308594 0.142578
9 0.365234 0.070312 0.371094 0.140625
11 0.920898 0.504883 0.080078 0.001953
12 0.501953 0.476562 0.117188 0.050781
0 0.006836 0.252930 0.001953 0.021484
23 0.071289 0.577148 0.142578 0.033203
18 0.125977 0.513672 0.056641 0.031250