14 0.006836 0.439453 0.013672 0.003906
15 0.588867 0.690430 0.025391 0.056641
16 0.572266 0.690430 0.058594 0.064453
5 0.780273 0.680664 0.083984 0.185547
17 0.759766 0.684570 0.031250 0.181641
6 0.588867 0.627930 0.025391 0.056641
7 0.747070 0.482422 0.037109 0.007812
4 0.694336 0.548828 0.037109 0.144531
8 0.586914 0.569336 0.025391 0.056641
9 0.759766 0.326172 0.082031 0.242188
11 0.908203 0.160156 0.179688 0.320312
12 0.178711 0.571289 0.083984 0.056641
13 0.605469 0.752930 0.195312 0.013672
0 0.372070 0.752930 0.275391 0.013672
22 0.249023 0.833008 0.498047 0.083984