14 0.582031 0.496094 0.027344 0.058594
15 0.565430 0.494141 0.060547 0.066406
16 0.886719 0.504883 0.191406 0.275391
5 0.879883 0.534180 0.205078 0.318359
17 0.582031 0.429688 0.027344 0.062500
6 0.887695 0.194336 0.193359 0.388672
7 0.729492 0.323242 0.060547 0.197266
4 0.582031 0.368164 0.027344 0.056641
8 0.879883 0.094727 0.177734 0.189453
11 0.384766 0.573242 0.218750 0.025391
12 0.673828 0.616211 0.382812 0.056641
13 0.374023 0.614258 0.232422 0.056641
0 0.718750 0.770508 0.558594 0.251953
22 0.607422 0.141602 0.230469 0.111328