14 0.933594 0.635742 0.128906 0.052734
16 0.782227 0.848633 0.431641 0.298828
17 0.768555 0.653320 0.458984 0.087891
6 0.326172 0.848633 0.652344 0.298828
5 0.324219 0.653320 0.476562 0.087891
7 0.936523 0.054688 0.123047 0.109375
4 0.766602 0.054688 0.451172 0.109375
8 0.333984 0.053711 0.437500 0.107422
11 0.530273 0.376953 0.251953 0.128906
0 0.099609 0.657227 0.066406 0.041016
15 0.257812 0.374023 0.250000 0.123047
19 0.800781 0.513672 0.246094 0.121094
20 0.530273 0.511719 0.251953 0.136719
21 0.259766 0.500000 0.250000 0.093750
2 0.054688 0.473633 0.109375 0.041016