14 0.560547 0.318359 0.023438 0.054688
15 0.542969 0.318359 0.058594 0.062500
16 0.089844 0.298828 0.031250 0.015625
5 0.086914 0.288086 0.025391 0.001953
17 0.742188 0.313477 0.082031 0.169922
6 0.720703 0.316406 0.042969 0.171875
7 0.561523 0.255859 0.025391 0.058594
4 0.741211 0.063477 0.052734 0.107422
8 0.670898 0.174805 0.037109 0.154297
9 0.561523 0.193359 0.025391 0.062500
11 0.673828 0.066406 0.035156 0.132812
12 0.113281 0.192383 0.128906 0.064453
13 0.571289 0.379883 0.181641 0.013672
0 0.434570 0.379883 0.095703 0.013672
22 0.236328 0.453125 0.472656 0.070312