14 0.453125 0.549805 0.046875 0.099609
15 0.484375 0.550781 0.105469 0.109375
16 0.464844 0.443359 0.027344 0.101562
5 0.399414 0.500977 0.021484 0.013672
17 0.456055 0.338867 0.044922 0.103516
6 0.248047 0.024414 0.023438 0.048828
7 0.337891 0.148438 0.058594 0.234375
4 0.404297 0.317383 0.011719 0.037109
8 0.466797 0.898438 0.859375 0.199219
9 0.872070 0.902344 0.251953 0.191406
11 0.771484 0.740234 0.261719 0.132812
12 0.541016 0.650391 0.191406 0.042969
13 0.801758 0.650391 0.392578 0.042969
0 0.538086 0.617188 0.126953 0.019531
1 0.731445 0.618164 0.287109 0.021484