14 0.647461 0.476562 0.087891 0.082031
16 0.652344 0.478516 0.097656 0.097656
17 0.029297 0.454102 0.058594 0.033203
5 0.648438 0.384766 0.089844 0.089844
7 0.250977 0.653320 0.501953 0.111328
4 0.246094 0.853516 0.492188 0.289062
8 0.746094 0.654297 0.503906 0.113281
11 0.735352 0.854492 0.525391 0.287109
0 0.543945 0.476562 0.091797 0.078125
15 0.544922 0.475586 0.089844 0.087891
9 0.531250 0.387695 0.117188 0.083984
12 0.650391 0.296875 0.089844 0.093750
23 0.152344 0.285156 0.160156 0.058594
1 0.608398 0.526367 0.201172 0.009766
2 0.696289 0.575195 0.384766 0.041016