14 0.878906 0.784180 0.238281 0.162109
16 0.711914 0.652344 0.115234 0.042969
17 0.975586 0.155273 0.044922 0.033203
5 0.876953 0.420898 0.230469 0.115234
7 0.499023 0.804688 0.998047 0.222656
4 0.464844 0.663086 0.222656 0.060547
8 0.107422 0.807617 0.214844 0.166016
11 0.027344 0.663086 0.054688 0.060547
0 0.620117 0.420898 0.236328 0.115234
15 0.368164 0.420898 0.232422 0.115234
19 0.494141 0.625977 0.292969 0.009766
1 0.030273 0.625977 0.060547 0.009766
20 0.891602 0.492188 0.201172 0.007812
21 0.896484 0.483398 0.199219 0.005859
3 0.620117 0.496094 0.236328 0.015625