14 0.900391 0.763672 0.195312 0.117188
16 0.747070 0.652344 0.111328 0.042969
17 0.983398 0.164062 0.029297 0.019531
5 0.886719 0.420898 0.222656 0.115234
7 0.524414 0.805664 0.947266 0.224609
4 0.502930 0.663086 0.220703 0.060547
8 0.127930 0.818359 0.255859 0.199219
11 0.049805 0.664062 0.099609 0.062500
0 0.635742 0.420898 0.236328 0.115234
15 0.378906 0.419922 0.238281 0.117188
19 0.512695 0.625977 0.291016 0.009766
1 0.030273 0.626953 0.060547 0.007812
20 0.887695 0.530273 0.220703 0.083984