14 0.913086 0.639648 0.025391 0.005859
16 0.943359 0.166016 0.109375 0.078125
17 0.077148 0.561523 0.154297 0.134766
6 0.077148 0.560547 0.154297 0.152344
5 0.078125 0.414062 0.156250 0.144531
7 0.966797 0.437500 0.062500 0.109375
4 0.894531 0.767578 0.207031 0.140625
8 0.767578 0.666992 0.320312 0.056641
11 0.509766 0.842773 0.976562 0.271484
0 0.103516 0.849609 0.207031 0.261719
15 0.143555 0.684570 0.287109 0.072266
9 0.807617 0.434570 0.208984 0.115234
12 0.565430 0.428711 0.228516 0.123047
23 0.859375 0.012695 0.277344 0.025391