14 0.683594 0.595703 0.304688 0.031250
15 0.366211 0.595703 0.369141 0.031250
16 0.692383 0.651367 0.279297 0.080078
5 0.374023 0.653320 0.458984 0.080078
17 0.801758 0.844727 0.392578 0.306641
6 0.403320 0.845703 0.806641 0.304688
7 0.706055 0.125000 0.349609 0.132812
4 0.365234 0.122070 0.367188 0.134766
8 0.738281 0.030273 0.371094 0.060547
9 0.354492 0.028320 0.408203 0.056641
11 0.506836 0.508789 0.134766 0.068359
12 0.212891 0.595703 0.109375 0.031250
0 0.320312 0.508789 0.074219 0.064453
23 0.320312 0.371094 0.074219 0.070312