14 0.571289 0.511719 0.083984 0.082031
16 0.575195 0.512695 0.091797 0.095703
17 0.571289 0.421875 0.083984 0.085938
6 0.926758 0.225586 0.142578 0.361328
5 0.189453 0.688477 0.378906 0.111328
7 0.150391 0.871094 0.300781 0.253906
4 0.649414 0.686523 0.693359 0.111328
8 0.560547 0.868164 0.875000 0.259766
11 0.252930 0.449219 0.158203 0.011719
0 0.443359 0.510742 0.144531 0.087891
15 0.440430 0.422852 0.150391 0.083984
9 0.189453 0.020508 0.378906 0.041016
12 0.586914 0.023438 0.427734 0.046875
23 0.927734 0.083008 0.140625 0.166016
1 0.398438 0.573242 0.035156 0.009766
2 0.202148 0.613281 0.404297 0.035156