14 0.551758 0.450195 0.068359 0.005859
15 0.470703 0.450195 0.101562 0.005859
16 0.555664 0.460938 0.060547 0.011719
5 0.440430 0.460938 0.181641 0.011719
17 0.679688 0.478516 0.289062 0.019531
6 0.477539 0.478516 0.142578 0.019531
7 0.610352 0.200195 0.185547 0.037109
4 0.433594 0.200195 0.179688 0.037109
8 0.633789 0.152344 0.216797 0.058594
9 0.423828 0.150391 0.222656 0.058594
11 0.396484 0.069336 0.312500 0.103516
12 0.504883 0.406250 0.095703 0.042969
0 0.775391 0.511719 0.445312 0.042969
23 0.482422 0.836914 0.964844 0.322266