14 0.231445 0.321289 0.462891 0.259766
16 0.750000 0.595703 0.496094 0.250000
17 0.750000 0.594727 0.496094 0.283203
6 0.750000 0.320312 0.496094 0.261719
5 0.750000 0.094727 0.496094 0.189453
7 0.083984 0.833008 0.167969 0.130859
4 0.481445 0.833984 0.962891 0.195312
8 0.499023 0.962891 0.998047 0.070312
11 0.895508 0.834961 0.205078 0.193359
13 0.982422 0.949219 0.031250 0.031250
0 0.081055 0.003906 0.162109 0.007812
15 0.426758 0.001953 0.072266 0.003906
9 0.231445 0.595703 0.462891 0.246094
12 0.231445 0.593750 0.462891 0.281250