14 0.223633 0.841797 0.447266 0.312500
15 0.554688 0.507812 0.101562 0.093750
16 0.551758 0.507812 0.099609 0.105469
5 0.549805 0.405273 0.091797 0.095703
17 0.282227 0.405273 0.201172 0.095703
6 0.345703 0.645508 0.250000 0.076172
7 0.351562 0.591797 0.257812 0.027344
4 0.225586 0.567383 0.095703 0.009766
8 0.353516 0.569336 0.261719 0.013672
9 0.969727 0.083984 0.056641 0.140625
10 0.069336 0.012695 0.033203 0.025391
11 0.267578 0.012695 0.406250 0.025391
12 0.103516 0.100586 0.207031 0.146484
0 0.169922 0.214844 0.222656 0.078125
18 0.630859 0.495117 0.023438 0.099609