14 0.175781 0.621094 0.351562 0.117188
16 0.108398 0.775391 0.216797 0.191406
17 0.583008 0.624023 0.720703 0.119141
6 0.499023 0.839844 0.998047 0.316406
5 0.430664 0.440430 0.142578 0.080078
7 0.429688 0.439453 0.144531 0.089844
4 0.436523 0.349609 0.158203 0.085938
8 0.261719 0.349609 0.164062 0.085938
11 0.876953 0.624023 0.242188 0.119141
0 0.786133 0.374023 0.095703 0.009766
15 0.952148 0.357422 0.076172 0.039062
22 0.621094 0.246094 0.164062 0.015625
23 0.955078 0.266602 0.085938 0.056641
1 0.283203 0.508789 0.289062 0.021484
3 0.064453 0.535156 0.128906 0.031250
2 0.200195 0.541016 0.400391 0.042969