14 0.205078 0.464844 0.062500 0.042969
15 0.204102 0.439453 0.060547 0.007812
16 0.205078 0.415039 0.062500 0.041016
5 0.990234 0.394531 0.015625 0.082031
17 0.234375 0.309570 0.003906 0.005859
7 0.499023 0.889648 0.998047 0.216797
4 0.109375 0.626953 0.003906 0.003906
8 0.499023 0.702148 0.623047 0.154297
9 0.186523 0.599609 0.142578 0.046875
11 0.254883 0.573242 0.005859 0.001953
0 0.833984 0.599609 0.175781 0.046875
1 0.669922 0.563477 0.191406 0.021484
2 0.200195 0.060547 0.189453 0.121094
3 0.430664 0.060547 0.404297 0.121094