14 0.637695 0.585938 0.216797 0.023438
15 0.400391 0.585938 0.285156 0.023438
16 0.772461 0.625000 0.451172 0.054688
5 0.419922 0.625977 0.324219 0.052734
17 0.791016 0.758789 0.414062 0.212891
6 0.415039 0.762695 0.626953 0.216797
7 0.681641 0.169922 0.308594 0.105469
4 0.383789 0.167969 0.318359 0.105469
8 0.745117 0.059570 0.400391 0.119141
9 0.354492 0.057617 0.416016 0.115234
11 0.505859 0.508789 0.128906 0.064453
12 0.002930 0.346680 0.005859 0.001953
0 0.420898 0.932617 0.802734 0.130859
23 0.251953 0.166992 0.074219 0.103516