14 0.949219 0.703125 0.097656 0.046875
16 0.892578 0.641602 0.210938 0.072266
17 0.669922 0.811523 0.656250 0.263672
6 0.826172 0.646484 0.136719 0.062500
5 0.876953 0.069336 0.242188 0.138672
7 0.645508 0.068359 0.439453 0.136719
4 0.706055 0.388672 0.236328 0.121094
8 0.922852 0.388672 0.150391 0.121094
11 0.201172 0.814453 0.402344 0.265625
0 0.048828 0.637695 0.097656 0.037109
15 0.448242 0.400391 0.240234 0.097656
19 0.892578 0.593750 0.210938 0.019531
1 0.921875 0.516602 0.152344 0.130859
20 0.705078 0.518555 0.234375 0.115234
21 0.723633 0.516602 0.205078 0.130859