14 0.957031 0.619141 0.082031 0.003906
16 0.943359 0.086914 0.109375 0.091797
17 0.076172 0.520508 0.152344 0.126953
6 0.018555 0.519531 0.037109 0.144531
5 0.076172 0.379883 0.152344 0.134766
7 0.979492 0.390625 0.037109 0.078125
4 0.818359 0.814453 0.359375 0.265625
8 0.746094 0.648438 0.335938 0.062500
11 0.384766 0.816406 0.769531 0.269531
0 0.025391 0.718750 0.050781 0.070312
15 0.119141 0.644531 0.238281 0.074219
9 0.817383 0.393555 0.236328 0.087891
12 0.557617 0.399414 0.240234 0.099609
23 0.785156 0.066406 0.425781 0.132812
24 0.017578 0.595703 0.035156 0.019531
20 0.816406 0.509766 0.234375 0.078125
21 0.557617 0.523438 0.240234 0.105469