14 0.586914 0.494141 0.033203 0.066406
15 0.568359 0.493164 0.070312 0.076172
16 0.063477 0.495117 0.126953 0.064453
5 0.062500 0.494141 0.125000 0.074219
17 0.971680 0.506836 0.052734 0.337891
6 0.961914 0.502930 0.072266 0.384766
7 0.586914 0.419922 0.033203 0.070312
4 0.972656 0.163086 0.050781 0.326172
8 0.825195 0.236328 0.138672 0.320312
9 0.586914 0.351562 0.033203 0.066406
11 0.825195 0.110352 0.138672 0.220703
12 0.063477 0.348633 0.126953 0.072266
0 0.308594 0.597656 0.359375 0.042969
22 0.274414 0.884766 0.365234 0.226562