14 0.575195 0.540039 0.134766 0.013672
15 0.576172 0.560547 0.132812 0.023438
16 0.939453 0.600586 0.117188 0.033203
5 0.754883 0.604492 0.486328 0.060547
17 0.811523 0.214844 0.212891 0.062500
6 0.628906 0.214844 0.242188 0.062500
7 0.807617 0.125977 0.107422 0.111328
4 0.677734 0.126953 0.335938 0.113281
8 0.897461 0.036133 0.095703 0.064453
9 0.686523 0.034180 0.349609 0.068359
11 0.617188 0.480469 0.109375 0.058594
0 0.756836 0.763672 0.482422 0.257812
23 0.307617 0.763672 0.458984 0.257812
18 0.467773 0.422852 0.052734 0.052734