14 0.048828 0.021484 0.097656 0.042969
16 0.836914 0.455078 0.076172 0.007812
17 0.833984 0.447266 0.070312 0.003906
6 0.164062 0.483398 0.152344 0.056641
5 0.837891 0.399414 0.078125 0.087891
7 0.200195 0.369141 0.080078 0.011719
4 0.033203 0.404297 0.066406 0.082031
8 0.231445 0.675781 0.462891 0.117188
11 0.225586 0.865234 0.451172 0.265625
13 0.725586 0.679688 0.544922 0.121094
0 0.689453 0.867188 0.617188 0.261719
15 0.936523 0.634766 0.123047 0.027344
9 0.508789 0.402344 0.162109 0.082031
24 0.833008 0.312500 0.091797 0.089844
1 0.162109 0.318359 0.156250 0.085938
3 0.685547 0.315430 0.164062 0.087891
2 0.303711 0.541992 0.025391 0.005859