14 0.585938 0.495117 0.031250 0.064453
15 0.566406 0.494141 0.070312 0.074219
16 0.110352 0.495117 0.037109 0.064453
5 0.109375 0.459961 0.039062 0.001953
17 0.957031 0.506836 0.082031 0.337891
6 0.947266 0.502930 0.101562 0.384766
7 0.586914 0.422852 0.029297 0.068359
4 0.957031 0.169922 0.082031 0.339844
8 0.808594 0.251953 0.121094 0.296875
9 0.586914 0.353516 0.029297 0.066406
11 0.808594 0.115234 0.121094 0.230469
12 0.105469 0.351562 0.042969 0.070312
13 0.641602 0.593750 0.310547 0.039062
0 0.336914 0.593750 0.306641 0.039062
22 0.293945 0.870117 0.337891 0.255859