14 0.543945 0.496094 0.021484 0.050781
15 0.528320 0.495117 0.052734 0.056641
16 0.700195 0.498047 0.060547 0.140625
5 0.677734 0.498047 0.015625 0.136719
17 0.543945 0.438477 0.021484 0.052734
6 0.702148 0.281250 0.060547 0.109375
7 0.638672 0.376953 0.027344 0.125000
4 0.543945 0.382812 0.021484 0.054688
8 0.702148 0.173828 0.060547 0.230469
9 0.638672 0.267578 0.027344 0.140625
11 0.129883 0.381836 0.115234 0.056641
12 0.554688 0.553711 0.167969 0.013672
13 0.430664 0.553711 0.080078 0.013672
0 0.564453 0.574219 0.195312 0.023438
1 0.367188 0.574219 0.203125 0.023438
2 0.573242 0.617188 0.236328 0.058594
22 0.706055 0.773438 0.583984 0.253906
23 0.240234 0.776367 0.425781 0.255859