16 0.197266 0.667969 0.394531 0.109375
17 0.160156 0.860352 0.320312 0.275391
6 0.660156 0.666992 0.675781 0.107422
5 0.564453 0.859375 0.867188 0.277344
7 0.196289 0.009766 0.392578 0.019531
4 0.596680 0.010742 0.412109 0.021484
8 0.446289 0.492188 0.158203 0.078125
11 0.438477 0.492188 0.146484 0.089844
13 0.446289 0.404297 0.158203 0.082031
0 0.270508 0.404297 0.162109 0.082031
15 0.900391 0.661133 0.195312 0.095703
22 0.893555 0.011719 0.205078 0.023438
23 0.447266 0.317383 0.164062 0.087891
1 0.152344 0.542969 0.226562 0.007812
3 0.298828 0.559570 0.281250 0.021484
2 0.497070 0.542969 0.107422 0.007812