14 0.986328 0.125000 0.023438 0.015625
16 0.132812 0.525391 0.183594 0.136719
17 0.123047 0.524414 0.156250 0.154297
6 0.131836 0.373047 0.185547 0.148438
5 0.895508 0.784180 0.205078 0.205078
7 0.833984 0.648438 0.328125 0.062500
4 0.499023 0.817383 0.998047 0.271484
8 0.485352 0.648438 0.365234 0.062500
11 0.107422 0.799805 0.214844 0.232422
0 0.883789 0.392578 0.228516 0.085938
15 0.627930 0.390625 0.240234 0.117188
9 0.367188 0.358398 0.242188 0.052734
12 0.828125 0.066406 0.339844 0.132812
23 0.167969 0.065430 0.335938 0.130859
10 0.120117 0.594727 0.166016 0.021484