14 0.643555 0.697266 0.072266 0.007812
15 0.558594 0.697266 0.105469 0.007812
16 0.647461 0.708984 0.064453 0.011719
5 0.530273 0.708008 0.185547 0.013672
17 0.784180 0.728516 0.314453 0.023438
6 0.567383 0.727539 0.150391 0.021484
7 0.692383 0.451172 0.177734 0.035156
4 0.522461 0.453125 0.169922 0.035156
8 0.712891 0.406250 0.207031 0.054688
9 0.513672 0.411133 0.203125 0.052734
11 0.492188 0.341797 0.277344 0.085938
12 0.593750 0.651367 0.097656 0.044922
0 0.822266 0.764648 0.351562 0.048828
23 0.427734 0.967773 0.855469 0.060547