14 0.485352 0.644531 0.044922 0.093750
15 0.515625 0.644531 0.097656 0.105469
16 0.013672 0.575195 0.027344 0.337891
5 0.029297 0.393555 0.058594 0.064453
17 0.492188 0.542969 0.031250 0.093750
6 0.032227 0.187500 0.064453 0.375000
7 0.437500 0.595703 0.019531 0.015625
4 0.487305 0.447266 0.041016 0.093750
8 0.241211 0.112305 0.189453 0.224609
9 0.387695 0.288086 0.029297 0.208984
11 0.456055 0.921875 0.787109 0.152344
12 0.866211 0.924805 0.263672 0.146484
13 0.490234 0.801758 0.480469 0.095703
0 0.757812 0.803711 0.199219 0.095703