14 0.140625 0.575195 0.222656 0.017578
15 0.157227 0.593750 0.255859 0.027344
16 0.168945 0.631836 0.337891 0.060547
5 0.127930 0.236328 0.255859 0.089844
17 0.010742 0.240234 0.021484 0.039062
6 0.144531 0.146484 0.289062 0.148438
7 0.164062 0.059570 0.328125 0.119141
4 0.085938 0.516602 0.113281 0.056641
8 0.075195 0.516602 0.134766 0.064453
9 0.498047 0.449219 0.027344 0.019531
11 0.438477 0.896484 0.876953 0.203125
0 0.081055 0.393555 0.123047 0.064453
1 0.438477 0.565430 0.033203 0.005859
2 0.494141 0.575195 0.011719 0.001953