14 0.582031 0.495117 0.027344 0.060547
15 0.563477 0.495117 0.064453 0.068359
16 0.905273 0.510742 0.185547 0.310547
5 0.879883 0.512695 0.166016 0.314453
17 0.582031 0.427734 0.027344 0.062500
6 0.891602 0.189453 0.158203 0.378906
7 0.743164 0.310547 0.072266 0.214844
4 0.582031 0.361328 0.027344 0.066406
8 0.889648 0.083008 0.154297 0.166016
11 0.377930 0.577148 0.232422 0.025391
12 0.691406 0.625977 0.425781 0.068359
13 0.352539 0.625000 0.271484 0.066406
0 0.709961 0.829102 0.576172 0.337891
22 0.627930 0.029297 0.279297 0.058594