14 0.895508 0.816406 0.205078 0.210938
16 0.880859 0.677734 0.214844 0.062500
17 0.835938 0.055664 0.324219 0.111328
6 0.895508 0.392578 0.205078 0.097656
5 0.499023 0.853516 0.998047 0.289062
7 0.462891 0.675781 0.253906 0.062500
4 0.089844 0.835938 0.179688 0.160156
8 0.011719 0.648438 0.023438 0.007812
11 0.640625 0.392578 0.253906 0.097656
0 0.108398 0.386719 0.216797 0.085938
15 0.502930 0.055664 0.443359 0.111328
23 0.901367 0.455078 0.193359 0.003906
19 0.590820 0.452148 0.150391 0.001953
1 0.408203 0.453125 0.117188 0.007812
20 0.109375 0.509766 0.218750 0.066406
21 0.965820 0.143555 0.064453 0.044922
3 0.823242 0.138672 0.349609 0.054688