14 0.200195 0.873047 0.400391 0.250000
15 0.643555 0.873047 0.708984 0.250000
16 0.824219 0.549805 0.015625 0.001953
5 0.800781 0.401367 0.132812 0.048828
17 0.495117 0.381836 0.212891 0.107422
7 0.650391 0.681641 0.492188 0.136719
4 0.260742 0.591797 0.439453 0.039062
8 0.677734 0.591797 0.425781 0.039062
9 0.464844 0.561523 0.050781 0.017578
10 0.553711 0.561523 0.138672 0.017578
11 0.334961 0.060547 0.291016 0.121094
12 0.669922 0.059570 0.394531 0.119141
0 0.596680 0.166016 0.224609 0.097656
23 0.764648 0.265625 0.060547 0.101562