14 0.967773 0.727539 0.060547 0.033203
16 0.894531 0.664062 0.207031 0.093750
17 0.635742 0.854492 0.724609 0.287109
6 0.710938 0.673828 0.445312 0.070312
5 0.888672 0.054688 0.218750 0.109375
7 0.639648 0.055664 0.443359 0.111328
4 0.727539 0.381836 0.255859 0.130859
8 0.938477 0.381836 0.119141 0.130859
11 0.183594 0.854492 0.367188 0.287109
0 0.451172 0.395508 0.253906 0.103516
15 0.177734 0.388672 0.250000 0.089844
19 0.937500 0.520508 0.121094 0.123047
1 0.726562 0.520508 0.253906 0.123047
2 0.178711 0.513672 0.248047 0.074219