14 0.464844 0.547852 0.042969 0.087891
15 0.492188 0.547852 0.097656 0.099609
16 0.032227 0.513672 0.064453 0.468750
5 0.046875 0.507812 0.093750 0.539062
17 0.475586 0.451172 0.025391 0.089844
6 0.038086 0.137695 0.076172 0.275391
4 0.416992 0.530273 0.017578 0.083984
8 0.466797 0.358398 0.042969 0.091797
9 0.237305 0.078125 0.154297 0.156250
11 0.418945 0.306641 0.017578 0.113281
12 0.452148 0.978516 0.904297 0.039062
13 0.947266 0.991211 0.101562 0.013672
0 0.446289 0.833984 0.892578 0.296875
2 0.504883 0.659180 0.240234 0.052734