14 0.879883 0.350586 0.197266 0.072266
15 0.485352 0.337891 0.263672 0.132812
16 0.209961 0.836914 0.419922 0.322266
5 0.637695 0.836914 0.720703 0.322266
17 0.387695 0.628906 0.150391 0.089844
7 0.439453 0.567383 0.074219 0.029297
4 0.570312 0.567383 0.210938 0.029297
8 0.284180 0.064453 0.384766 0.128906
9 0.643555 0.064453 0.353516 0.128906
10 0.879883 0.063477 0.236328 0.126953
11 0.798828 0.147461 0.031250 0.037109
12 0.481445 0.199219 0.271484 0.140625
0 0.226562 0.367188 0.125000 0.074219