14 0.804688 0.549805 0.226562 0.044922
15 0.766602 0.576172 0.111328 0.007812
16 0.300781 0.297852 0.378906 0.193359
5 0.857422 0.983398 0.281250 0.029297
17 0.137695 0.823242 0.275391 0.349609
7 0.227539 0.619141 0.154297 0.062500
4 0.441406 0.615234 0.324219 0.062500
8 0.987305 0.255859 0.021484 0.019531
9 0.190430 0.011719 0.232422 0.023438
10 0.505859 0.029297 0.398438 0.058594
11 0.788086 0.588867 0.068359 0.017578
12 0.758789 0.032227 0.189453 0.064453
0 0.300781 0.114258 0.378906 0.212891