14 0.951172 0.635742 0.093750 0.060547
16 0.782227 0.810547 0.431641 0.261719
17 0.774414 0.657227 0.447266 0.041016
6 0.921875 0.067383 0.152344 0.134766
5 0.757812 0.067383 0.453125 0.134766
7 0.777344 0.400391 0.226562 0.097656
4 0.960938 0.387695 0.074219 0.123047
8 0.311523 0.813477 0.623047 0.263672
11 0.344727 0.648438 0.376953 0.062500
0 0.522461 0.400391 0.240234 0.097656
15 0.270508 0.389648 0.224609 0.080078
19 0.960938 0.516602 0.074219 0.115234
1 0.776367 0.478516 0.224609 0.019531
20 0.523438 0.522461 0.238281 0.103516
21 0.518555 0.579102 0.001953 0.005859