14 0.098633 0.658203 0.197266 0.105469
16 0.050781 0.743164 0.101562 0.060547
17 0.137695 0.008789 0.275391 0.017578
6 0.892578 0.464844 0.082031 0.035156
5 0.923828 0.443359 0.019531 0.003906
7 0.238281 0.485352 0.085938 0.076172
8 0.892578 0.397461 0.082031 0.083984
11 0.223633 0.398438 0.150391 0.082031
0 0.451172 0.658203 0.683594 0.105469
15 0.499023 0.855469 0.998047 0.285156
9 0.875977 0.659180 0.244141 0.107422
23 0.753906 0.464844 0.160156 0.035156
24 0.834961 0.007812 0.326172 0.015625
1 0.895508 0.327148 0.080078 0.052734
3 0.402344 0.327148 0.160156 0.052734
2 0.755859 0.327148 0.160156 0.052734