14 0.563477 0.199219 0.025391 0.058594
15 0.545898 0.198242 0.060547 0.068359
16 0.765625 0.184570 0.105469 0.197266
5 0.740234 0.188477 0.058594 0.193359
17 0.564453 0.130859 0.027344 0.066406
6 0.685547 0.061523 0.046875 0.123047
7 0.565430 0.059570 0.025391 0.072266
4 0.109375 0.059570 0.093750 0.072266
8 0.577148 0.263672 0.193359 0.015625
9 0.343750 0.264648 0.273438 0.013672
11 0.289062 0.287109 0.375000 0.027344
12 0.607422 0.339844 0.300781 0.074219
13 0.235352 0.339844 0.470703 0.074219
0 0.671875 0.640625 0.652344 0.527344
22 0.200195 0.267578 0.037109 0.007812