14 0.097656 0.689453 0.195312 0.097656
16 0.350586 0.700195 0.701172 0.123047
17 0.464844 0.877930 0.929688 0.240234
6 0.098633 0.014648 0.197266 0.029297
5 0.396484 0.017578 0.429688 0.035156
4 0.357422 0.514648 0.160156 0.080078
8 0.346680 0.470703 0.138672 0.003906
11 0.990234 0.452148 0.015625 0.013672
0 0.173828 0.424805 0.164062 0.083984
15 0.839844 0.697266 0.316406 0.117188
9 0.856445 0.876953 0.283203 0.242188
12 0.708984 0.436523 0.121094 0.044922
22 0.921875 0.499023 0.070312 0.048828
23 0.883789 0.435547 0.150391 0.039062
1 0.172852 0.335938 0.166016 0.089844
3 0.086914 0.565430 0.173828 0.009766
2 0.058594 0.583008 0.117188 0.021484