14 0.543945 0.496094 0.021484 0.050781
15 0.528320 0.495117 0.052734 0.056641
16 0.697266 0.498047 0.058594 0.136719
5 0.672852 0.498047 0.013672 0.132812
17 0.543945 0.438477 0.021484 0.052734
6 0.697266 0.286133 0.058594 0.107422
7 0.635742 0.378906 0.025391 0.121094
8 0.543945 0.382812 0.021484 0.054688
9 0.697266 0.180664 0.058594 0.224609
11 0.844727 0.100586 0.177734 0.201172
12 0.000977 0.355469 0.001953 0.003906
13 0.132812 0.381836 0.113281 0.056641
0 0.550781 0.552734 0.160156 0.011719
1 0.431641 0.552734 0.078125 0.011719
2 0.562500 0.572266 0.191406 0.023438
22 0.571289 0.613281 0.228516 0.054688