14 0.565430 0.607422 0.025391 0.054688
15 0.547852 0.606445 0.060547 0.064453
16 0.774414 0.615234 0.103516 0.210938
5 0.770508 0.625000 0.087891 0.218750
17 0.563477 0.545898 0.025391 0.056641
6 0.765625 0.331055 0.093750 0.146484
7 0.678711 0.463867 0.041016 0.154297
4 0.563477 0.486328 0.025391 0.058594
8 0.762695 0.220703 0.099609 0.281250
9 0.674805 0.342773 0.041016 0.166016
11 0.125977 0.486328 0.123047 0.058594
12 0.582031 0.672852 0.199219 0.017578
13 0.399414 0.672852 0.169922 0.017578
0 0.609375 0.702148 0.269531 0.037109
22 0.708984 0.914062 0.578125 0.167969