14 0.220703 0.321289 0.441406 0.259766
16 0.737305 0.595703 0.509766 0.250000
17 0.739258 0.594727 0.517578 0.283203
6 0.737305 0.319336 0.509766 0.263672
5 0.737305 0.094727 0.509766 0.189453
7 0.072266 0.820312 0.144531 0.105469
4 0.461914 0.833984 0.923828 0.195312
8 0.493164 0.962891 0.986328 0.070312
11 0.891602 0.834961 0.212891 0.193359
13 0.962891 0.965820 0.070312 0.064453
0 0.063477 0.003906 0.126953 0.007812
15 0.398438 0.001953 0.085938 0.003906
9 0.220703 0.595703 0.441406 0.246094
12 0.349609 0.593750 0.183594 0.281250