14 0.179688 0.529297 0.183594 0.144531
16 0.182617 0.528320 0.177734 0.162109
17 0.177734 0.369141 0.183594 0.156250
6 0.977539 0.771484 0.041016 0.031250
5 0.573242 0.853516 0.849609 0.289062
7 0.558594 0.666016 0.378906 0.082031
4 0.159180 0.852539 0.318359 0.291016
8 0.192383 0.660156 0.384766 0.089844
11 0.918945 0.370117 0.142578 0.052734
0 0.428711 0.355469 0.240234 0.062500
15 0.870117 0.055664 0.255859 0.111328
9 0.592773 0.055664 0.443359 0.111328
12 0.198242 0.056641 0.396484 0.113281
23 0.712891 0.604492 0.003906 0.005859
10 0.189453 0.601562 0.210938 0.023438