14 0.853516 0.581055 0.289062 0.029297
15 0.733398 0.574219 0.056641 0.019531
16 0.851562 0.616211 0.292969 0.060547
5 0.381836 0.596680 0.080078 0.013672
17 0.781250 0.725586 0.433594 0.193359
6 0.187500 0.649414 0.289062 0.091797
7 0.853516 0.138672 0.289062 0.148438
4 0.621094 0.175781 0.285156 0.101562
8 0.813477 0.061523 0.369141 0.123047
9 0.581055 0.072266 0.251953 0.144531
11 0.847656 0.504883 0.144531 0.072266
0 0.072266 0.724609 0.144531 0.085938
23 0.655273 0.400391 0.017578 0.015625
19 0.847656 0.368164 0.144531 0.076172
20 0.847656 0.435547 0.144531 0.070312
21 0.959961 0.504883 0.076172 0.064453