14 0.353516 0.572266 0.156250 0.140625
16 0.354492 0.572266 0.154297 0.156250
17 0.355469 0.422852 0.156250 0.150391
6 0.107422 0.303711 0.214844 0.345703
5 0.956055 0.670898 0.083984 0.025391
7 0.820312 0.850586 0.355469 0.255859
4 0.791992 0.688477 0.412109 0.064453
8 0.372070 0.847656 0.744141 0.253906
11 0.362305 0.687500 0.478516 0.066406
0 0.837891 0.435547 0.242188 0.125000
15 0.574219 0.436523 0.242188 0.123047
9 0.963867 0.131836 0.068359 0.095703
12 0.791016 0.091797 0.414062 0.183594
23 0.940430 0.652344 0.115234 0.007812
10 0.749023 0.650391 0.314453 0.011719