14 0.225586 0.819336 0.451172 0.357422
15 0.625000 0.820312 0.746094 0.355469
16 0.804688 0.505859 0.097656 0.015625
5 0.790039 0.517578 0.068359 0.003906
17 0.757812 0.393555 0.015625 0.013672
7 0.410156 0.602539 0.167969 0.076172
4 0.634766 0.604492 0.363281 0.080078
8 0.477539 0.548828 0.068359 0.027344
9 0.596680 0.549805 0.197266 0.029297
10 0.496094 0.526367 0.046875 0.013672
11 0.648438 0.527344 0.269531 0.015625
12 0.374023 0.063477 0.275391 0.126953
0 0.421875 0.166016 0.199219 0.085938
23 0.829102 0.159180 0.169922 0.083984