14 0.603516 0.445312 0.171875 0.144531
15 0.604492 0.436523 0.173828 0.177734
16 0.604492 0.283203 0.173828 0.152344
5 0.287109 0.283203 0.085938 0.152344
17 0.227539 0.846680 0.455078 0.302734
6 0.283203 0.628906 0.398438 0.128906
7 0.408203 0.544922 0.164062 0.035156
4 0.000977 0.041992 0.001953 0.001953
8 0.317383 0.021484 0.345703 0.042969
9 0.695312 0.846680 0.605469 0.302734
10 0.648438 0.629883 0.382812 0.130859
11 0.566406 0.544922 0.164062 0.035156
12 0.946289 0.357422 0.103516 0.328125
0 0.708984 0.344727 0.007812 0.009766
23 0.007812 0.475586 0.015625 0.005859