14 0.594727 0.524414 0.068359 0.005859
15 0.505859 0.524414 0.113281 0.005859
16 0.591797 0.534180 0.050781 0.009766
5 0.511719 0.533203 0.117188 0.007812
17 0.739258 0.548828 0.330078 0.019531
7 0.633789 0.268555 0.146484 0.041016
4 0.474609 0.270508 0.179688 0.041016
8 0.659180 0.214844 0.185547 0.066406
9 0.456055 0.215820 0.232422 0.064453
11 0.457031 0.126953 0.261719 0.117188
12 0.549805 0.483398 0.099609 0.044922
0 0.793945 0.580078 0.408203 0.042969
23 0.470703 0.881836 0.941406 0.232422
18 0.106445 0.578125 0.205078 0.039062