14 0.603516 0.575195 0.156250 0.017578
15 0.429688 0.575195 0.214844 0.017578
16 0.715820 0.604492 0.353516 0.037109
5 0.443359 0.604492 0.242188 0.037109
17 0.674805 0.675781 0.212891 0.105469
7 0.652344 0.208984 0.253906 0.082031
4 0.399414 0.207031 0.275391 0.082031
8 0.741211 0.086914 0.404297 0.162109
9 0.358398 0.083984 0.412109 0.164062
11 0.359375 0.001953 0.414062 0.003906
12 0.504883 0.509766 0.119141 0.054688
0 0.005859 0.360352 0.011719 0.041016
23 0.355469 0.509766 0.035156 0.054688
18 0.186523 0.076172 0.126953 0.152344