14 0.732422 0.333984 0.312500 0.152344
15 0.499023 0.894531 0.998047 0.207031
16 0.562500 0.706055 0.718750 0.169922
5 0.539062 0.597656 0.324219 0.042969
17 0.907227 0.577148 0.181641 0.001953
7 0.868164 0.047852 0.099609 0.095703
4 0.724609 0.178711 0.296875 0.158203
8 0.393555 0.590820 0.033203 0.029297
9 0.296875 0.049805 0.230469 0.099609
11 0.416992 0.178711 0.314453 0.158203
12 0.255859 0.399414 0.003906 0.017578
0 0.448242 0.494141 0.244141 0.144531
23 0.651367 0.492188 0.158203 0.164062