14 0.485352 0.648438 0.044922 0.093750
15 0.515625 0.648438 0.097656 0.105469
16 0.013672 0.576172 0.027344 0.332031
5 0.029297 0.397461 0.058594 0.064453
17 0.492188 0.546875 0.031250 0.093750
6 0.033203 0.188477 0.066406 0.376953
7 0.437500 0.599609 0.019531 0.015625
4 0.487305 0.451172 0.041016 0.093750
8 0.242188 0.114258 0.191406 0.228516
9 0.387695 0.292969 0.029297 0.207031
11 0.453125 0.923828 0.785156 0.148438
12 0.866211 0.926758 0.263672 0.142578
13 0.489258 0.805664 0.482422 0.095703
0 0.757812 0.807617 0.199219 0.095703