14 0.232422 0.851562 0.464844 0.292969
15 0.584961 0.480469 0.111328 0.101562
16 0.584961 0.480469 0.111328 0.113281
5 0.574219 0.369141 0.089844 0.105469
17 0.304688 0.364258 0.191406 0.091797
6 0.336914 0.648438 0.318359 0.113281
7 0.175781 0.561523 0.058594 0.013672
4 0.330078 0.574219 0.351562 0.035156
8 0.233398 0.545898 0.107422 0.017578
9 0.363281 0.546875 0.292969 0.015625
10 0.105469 0.056641 0.210938 0.113281
11 0.311523 0.056641 0.388672 0.113281
12 0.239258 0.161133 0.103516 0.091797
0 0.693359 0.852539 0.609375 0.291016