14 0.624023 0.466797 0.197266 0.167969
15 0.620117 0.460938 0.189453 0.199219
16 0.624023 0.284180 0.197266 0.181641
5 0.262695 0.292969 0.111328 0.167969
17 0.216797 0.922852 0.433594 0.150391
6 0.243164 0.726562 0.486328 0.242188
7 0.399414 0.583984 0.193359 0.042969
4 0.314453 0.015625 0.363281 0.031250
8 0.701172 0.923828 0.593750 0.148438
9 0.716797 0.729492 0.562500 0.244141
10 0.585938 0.583984 0.195312 0.042969
11 0.849609 0.397461 0.187500 0.298828
12 0.749023 0.348633 0.017578 0.013672
0 0.620117 0.117188 0.189453 0.175781
23 0.124023 0.556641 0.005859 0.007812