14 0.097656 0.658203 0.195312 0.105469
16 0.049805 0.743164 0.099609 0.060547
17 0.136719 0.008789 0.273438 0.017578
6 0.889648 0.464844 0.083984 0.035156
5 0.921875 0.443359 0.019531 0.003906
7 0.235352 0.485352 0.087891 0.076172
8 0.890625 0.398438 0.082031 0.082031
11 0.221680 0.398438 0.150391 0.082031
0 0.448242 0.658203 0.685547 0.105469
15 0.499023 0.855469 0.998047 0.285156
9 0.875000 0.658203 0.246094 0.105469
23 0.751953 0.464844 0.160156 0.035156
24 0.833984 0.007812 0.328125 0.015625
1 0.891602 0.328125 0.083984 0.054688
3 0.400391 0.327148 0.160156 0.052734
2 0.753906 0.327148 0.160156 0.052734