14 0.601562 0.449219 0.132812 0.125000
15 0.602539 0.446289 0.134766 0.142578
16 0.602539 0.314453 0.134766 0.128906
5 0.246094 0.314453 0.253906 0.125000
17 0.246094 0.802734 0.492188 0.390625
6 0.063477 0.555664 0.126953 0.025391
7 0.252930 0.575195 0.505859 0.064453
4 0.117188 0.529297 0.109375 0.023438
8 0.325195 0.531250 0.373047 0.023438
9 0.195312 0.057617 0.097656 0.115234
10 0.332031 0.057617 0.359375 0.115234
11 0.705078 0.803711 0.585938 0.388672
12 0.605469 0.576172 0.218750 0.062500
0 0.896484 0.381836 0.203125 0.322266
23 0.247070 0.184570 0.259766 0.134766