14 0.622070 0.463867 0.197266 0.166016
15 0.622070 0.455078 0.197266 0.203125
16 0.622070 0.282227 0.197266 0.181641
5 0.262695 0.289062 0.111328 0.167969
17 0.216797 0.917969 0.433594 0.160156
6 0.242188 0.719727 0.484375 0.236328
7 0.398438 0.579102 0.191406 0.041016
4 0.314453 0.013672 0.359375 0.027344
8 0.700195 0.918945 0.595703 0.158203
9 0.716797 0.720703 0.562500 0.238281
10 0.583984 0.579102 0.195312 0.041016
11 0.844727 0.395508 0.185547 0.294922
12 0.747070 0.346680 0.017578 0.013672
0 0.618164 0.115234 0.189453 0.175781
23 0.125977 0.551758 0.001953 0.005859