14 0.966797 0.596680 0.062500 0.251953
16 0.966797 0.594727 0.062500 0.283203
17 0.966797 0.319336 0.062500 0.263672
6 0.166016 0.321289 0.332031 0.259766
5 0.629883 0.595703 0.509766 0.250000
7 0.631836 0.594727 0.521484 0.283203
4 0.629883 0.319336 0.509766 0.263672
8 0.966797 0.092773 0.062500 0.185547
11 0.629883 0.094727 0.509766 0.189453
13 0.010742 0.768555 0.021484 0.001953
0 0.363281 0.833984 0.726562 0.195312
15 0.379883 0.963867 0.759766 0.068359
9 0.826172 0.835938 0.343750 0.195312
12 0.863281 0.965820 0.269531 0.064453