14 0.555664 0.495117 0.029297 0.064453
15 0.536133 0.494141 0.068359 0.074219
16 0.084961 0.495117 0.033203 0.064453
5 0.083984 0.494141 0.035156 0.074219
17 0.908203 0.503906 0.128906 0.355469
6 0.898438 0.500000 0.144531 0.406250
7 0.555664 0.422852 0.029297 0.068359
4 0.909180 0.172852 0.130859 0.345703
8 0.750977 0.267578 0.099609 0.273438
9 0.555664 0.355469 0.029297 0.062500
11 0.750977 0.123047 0.099609 0.234375
12 0.080078 0.357422 0.039062 0.058594
13 0.594727 0.588867 0.294922 0.037109
0 0.294922 0.588867 0.324219 0.037109
22 0.218750 0.858398 0.386719 0.279297