14 0.037109 0.904297 0.074219 0.187500
15 0.548828 0.905273 0.898438 0.185547
16 0.876953 0.517578 0.050781 0.023438
5 0.875000 0.532227 0.046875 0.009766
17 0.798828 0.347656 0.074219 0.035156
7 0.168945 0.704102 0.326172 0.208984
4 0.618164 0.708008 0.759766 0.216797
8 0.419922 0.559570 0.078125 0.013672
9 0.551758 0.576172 0.208984 0.046875
10 0.443359 0.541992 0.066406 0.017578
11 0.545898 0.542969 0.166016 0.019531
12 0.939453 0.279297 0.007812 0.003906
0 0.640625 0.018555 0.371094 0.037109
1 0.333984 0.101562 0.281250 0.125000
2 0.630859 0.098633 0.343750 0.126953
3 0.924805 0.577148 0.146484 0.044922
19 0.818359 0.016602 0.023438 0.033203
20 0.767578 0.097656 0.082031 0.125000
21 0.481445 0.225586 0.236328 0.123047