14 0.609375 0.442383 0.183594 0.154297
15 0.609375 0.433594 0.183594 0.187500
16 0.609375 0.273438 0.183594 0.160156
5 0.273438 0.273438 0.097656 0.160156
17 0.223633 0.865234 0.447266 0.265625
6 0.244141 0.649414 0.476562 0.162109
7 0.399414 0.547852 0.181641 0.037109
4 0.318359 0.010742 0.343750 0.021484
8 0.694336 0.865234 0.607422 0.265625
9 0.676758 0.650391 0.455078 0.164062
10 0.572266 0.547852 0.175781 0.037109
11 0.967773 0.352539 0.060547 0.326172
12 0.807617 0.384766 0.138672 0.253906
0 0.576172 0.009766 0.167969 0.019531
23 0.077148 0.469727 0.154297 0.005859