14 0.750000 0.558594 0.003906 0.003906
16 0.048828 0.490234 0.097656 0.035156
6 0.688477 0.450195 0.080078 0.013672
5 0.036133 0.451172 0.033203 0.015625
7 0.062500 0.723633 0.125000 0.048828
4 0.029297 0.767578 0.058594 0.035156
8 0.422852 0.690430 0.720703 0.115234
11 0.499023 0.871094 0.998047 0.253906
0 0.892578 0.828125 0.210938 0.171875
15 0.375977 0.427734 0.158203 0.062500
9 0.576172 0.449219 0.113281 0.011719
12 0.125000 0.018555 0.250000 0.037109
23 0.822266 0.023438 0.351562 0.046875
24 0.196289 0.346680 0.162109 0.052734
1 0.551758 0.328125 0.162109 0.050781
3 0.800781 0.577148 0.109375 0.021484
2 0.006836 0.598633 0.013672 0.001953