14 0.208008 0.466797 0.013672 0.039062
15 0.220703 0.442383 0.039062 0.005859
16 0.222656 0.419922 0.042969 0.035156
5 0.972656 0.395508 0.050781 0.083984
17 0.989258 0.155273 0.017578 0.025391
7 0.499023 0.877930 0.998047 0.240234
4 0.499023 0.687500 0.568359 0.136719
8 0.204102 0.594727 0.126953 0.041016
9 0.505859 0.595703 0.265625 0.042969
11 0.500977 0.562500 0.173828 0.019531
0 0.816406 0.595703 0.164062 0.042969
1 0.662109 0.562500 0.179688 0.019531
2 0.201172 0.066406 0.199219 0.132812
3 0.437500 0.066406 0.386719 0.132812