14 0.599609 0.573242 0.148438 0.017578
15 0.432617 0.573242 0.205078 0.017578
16 0.703125 0.600586 0.328125 0.033203
5 0.446289 0.600586 0.232422 0.033203
17 0.663086 0.666016 0.197266 0.093750
6 0.316406 0.667969 0.632812 0.097656
7 0.657227 0.214844 0.263672 0.078125
4 0.403320 0.213867 0.263672 0.080078
8 0.734375 0.100586 0.390625 0.150391
9 0.364258 0.096680 0.396484 0.154297
11 0.359375 0.011719 0.414062 0.023438
12 0.504883 0.508789 0.119141 0.052734
0 0.012695 0.360352 0.025391 0.044922
23 0.083008 0.645508 0.126953 0.048828