14 0.970703 0.662109 0.054688 0.019531
16 0.832031 0.871094 0.332031 0.253906
17 0.802734 0.696289 0.390625 0.091797
6 0.413086 0.870117 0.826172 0.255859
5 0.419922 0.696289 0.488281 0.091797
7 0.968750 0.130859 0.058594 0.046875
4 0.802734 0.078125 0.390625 0.156250
8 0.410156 0.079102 0.476562 0.158203
11 0.593750 0.417969 0.242188 0.128906
0 0.020508 0.802734 0.041016 0.050781
15 0.137695 0.696289 0.173828 0.037109
19 0.538086 0.635742 0.130859 0.025391
20 0.593750 0.554688 0.242188 0.121094
21 0.602539 0.553711 0.228516 0.138672
2 0.340820 0.488281 0.205078 0.007812