14 0.279297 0.525391 0.160156 0.140625
16 0.280273 0.524414 0.158203 0.158203
17 0.279297 0.373047 0.160156 0.156250
6 0.064453 0.284180 0.128906 0.287109
5 0.876953 0.621094 0.105469 0.031250
7 0.783203 0.800781 0.429688 0.210938
4 0.721680 0.637695 0.416016 0.064453
8 0.330078 0.796875 0.660156 0.250000
11 0.285156 0.641602 0.488281 0.068359
0 0.758789 0.389648 0.232422 0.123047
15 0.500977 0.388672 0.240234 0.125000
9 0.925781 0.070312 0.144531 0.140625
12 0.738281 0.066406 0.453125 0.132812
23 0.894531 0.599609 0.207031 0.007812
10 0.667969 0.596680 0.296875 0.017578