14 0.081055 0.574219 0.037109 0.011719
15 0.669922 0.830078 0.031250 0.062500
16 0.652344 0.830078 0.066406 0.070312
5 0.870117 0.821289 0.091797 0.208984
17 0.852539 0.825195 0.041016 0.205078
6 0.665039 0.762695 0.029297 0.060547
7 0.825195 0.606445 0.041016 0.009766
4 0.774414 0.677734 0.048828 0.152344
8 0.662109 0.700195 0.027344 0.060547
9 0.827148 0.450195 0.087891 0.240234
11 0.933594 0.219727 0.128906 0.439453
12 0.249023 0.705078 0.083984 0.058594
13 0.693359 0.900391 0.214844 0.019531
0 0.445312 0.899414 0.281250 0.017578
22 0.289062 0.968750 0.578125 0.058594