14 0.198242 0.869141 0.396484 0.257812
15 0.639648 0.869141 0.716797 0.257812
16 0.819336 0.541992 0.013672 0.001953
5 0.796875 0.393555 0.132812 0.048828
17 0.491211 0.374023 0.212891 0.107422
7 0.644531 0.672852 0.488281 0.134766
4 0.256836 0.583984 0.439453 0.039062
8 0.673828 0.584961 0.425781 0.041016
9 0.459961 0.553711 0.052734 0.017578
10 0.549805 0.553711 0.138672 0.017578
11 0.333984 0.055664 0.285156 0.111328
12 0.663086 0.054688 0.388672 0.109375
0 0.591797 0.158203 0.226562 0.097656
23 0.760742 0.257812 0.060547 0.101562