14 0.137695 0.660156 0.275391 0.105469
16 0.047852 0.741211 0.095703 0.056641
17 0.416016 0.664062 0.632812 0.109375
6 0.478516 0.856445 0.957031 0.283203
5 0.814453 0.666016 0.335938 0.109375
7 0.866211 0.859375 0.263672 0.277344
4 0.135742 0.026367 0.271484 0.052734
8 0.451172 0.024414 0.417969 0.048828
11 0.824219 0.021484 0.347656 0.042969
13 0.581055 0.487305 0.158203 0.076172
0 0.574219 0.486328 0.144531 0.085938
15 0.582031 0.400391 0.160156 0.082031
22 0.582031 0.314453 0.160156 0.085938
23 0.409180 0.316406 0.158203 0.085938
1 0.490234 0.536133 0.195312 0.009766
3 0.706055 0.553711 0.228516 0.021484
2 0.818359 0.536133 0.121094 0.009766