14 0.549805 0.495117 0.025391 0.056641
15 0.533203 0.495117 0.058594 0.064453
16 0.034180 0.494141 0.009766 0.046875
5 0.803711 0.499023 0.130859 0.228516
17 0.756836 0.504883 0.076172 0.228516
6 0.549805 0.431641 0.025391 0.058594
7 0.804688 0.165039 0.132812 0.201172
4 0.678711 0.337891 0.048828 0.175781
8 0.549805 0.369141 0.025391 0.062500
9 0.801758 0.104492 0.138672 0.208984
11 0.926758 0.001953 0.001953 0.003906
12 0.060547 0.367188 0.078125 0.062500
13 0.570312 0.567383 0.218750 0.021484
0 0.360352 0.567383 0.208984 0.021484
22 0.232422 0.709961 0.433594 0.166016