14 0.629883 0.583984 0.205078 0.023438
15 0.406250 0.583984 0.273438 0.023438
16 0.771484 0.621094 0.453125 0.050781
5 0.422852 0.623047 0.310547 0.050781
17 0.789062 0.743164 0.417969 0.189453
6 0.421875 0.746094 0.582031 0.195312
7 0.678711 0.175781 0.302734 0.101562
4 0.386719 0.172852 0.312500 0.103516
8 0.746094 0.062500 0.402344 0.125000
9 0.355469 0.061523 0.414062 0.123047
11 0.504883 0.508789 0.126953 0.064453
12 0.018555 0.366211 0.037109 0.041016
0 0.422852 0.918945 0.802734 0.158203
23 0.251953 0.166992 0.062500 0.091797