14 0.247070 0.860352 0.494141 0.275391
15 0.671875 0.865234 0.652344 0.265625
16 0.837891 0.612305 0.019531 0.001953
5 0.829102 0.617188 0.001953 0.003906
17 0.566406 0.465820 0.187500 0.095703
7 0.664062 0.700195 0.332031 0.076172
4 0.517578 0.647461 0.066406 0.025391
8 0.630859 0.648438 0.187500 0.027344
9 0.533203 0.625977 0.050781 0.013672
10 0.614258 0.625977 0.123047 0.013672
11 0.307617 0.067383 0.451172 0.134766
12 0.745117 0.066406 0.439453 0.109375
0 0.715820 0.176758 0.361328 0.146484
1 0.461914 0.288086 0.193359 0.072266
23 0.875000 0.170898 0.117188 0.138672
24 0.010742 0.620117 0.017578 0.009766