14 0.566406 0.488281 0.019531 0.042969
15 0.552734 0.488281 0.046875 0.050781
16 0.660156 0.488281 0.023438 0.093750
5 0.566406 0.437500 0.019531 0.046875
17 0.660156 0.323242 0.023438 0.033203
6 0.625977 0.381836 0.005859 0.009766
7 0.861328 0.098633 0.156250 0.197266
4 0.566406 0.388672 0.019531 0.046875
8 0.660156 0.262695 0.023438 0.138672
11 0.860352 0.088867 0.154297 0.177734
12 0.230469 0.388672 0.011719 0.003906
13 0.561523 0.533203 0.126953 0.007812
0 0.430664 0.533203 0.138672 0.007812
2 0.410156 0.545898 0.171875 0.013672