14 0.895508 0.797852 0.205078 0.177734
16 0.840820 0.662109 0.314453 0.093750
17 0.499023 0.853516 0.998047 0.289062
6 0.547852 0.661133 0.478516 0.091797
5 0.842773 0.053711 0.310547 0.107422
7 0.519531 0.053711 0.441406 0.107422
4 0.653320 0.379883 0.255859 0.130859
8 0.900391 0.379883 0.195312 0.130859
11 0.092773 0.830078 0.185547 0.242188
0 0.376953 0.393555 0.253906 0.103516
15 0.113281 0.390625 0.226562 0.097656
1 0.899414 0.517578 0.197266 0.140625
20 0.652344 0.518555 0.253906 0.123047
2 0.383789 0.454102 0.240234 0.001953