14 0.928711 0.638672 0.115234 0.042969
16 0.922852 0.066406 0.150391 0.132812
17 0.059570 0.476562 0.115234 0.015625
6 0.058594 0.358398 0.117188 0.052734
5 0.961914 0.390625 0.072266 0.078125
7 0.779297 0.814453 0.437500 0.265625
4 0.759766 0.648438 0.453125 0.062500
8 0.311523 0.816406 0.623047 0.269531
11 0.335938 0.648438 0.390625 0.062500
0 0.783203 0.395508 0.238281 0.091797
15 0.522461 0.399414 0.240234 0.099609
24 0.960938 0.482422 0.074219 0.027344
20 0.522461 0.499023 0.240234 0.056641