14 0.145508 0.840820 0.291016 0.314453
15 0.533203 0.841797 0.929688 0.312500
16 0.857422 0.495117 0.078125 0.013672
5 0.850586 0.504883 0.064453 0.005859
17 0.773438 0.353516 0.031250 0.015625
7 0.328125 0.622070 0.175781 0.119141
4 0.616211 0.627930 0.505859 0.130859
8 0.406250 0.548828 0.023438 0.023438
9 0.675781 0.543945 0.332031 0.037109
10 0.476562 0.515625 0.058594 0.015625
11 0.564453 0.515625 0.140625 0.015625
12 0.343750 0.031250 0.292969 0.062500
0 0.374023 0.110352 0.263672 0.107422
1 0.651367 0.103516 0.318359 0.113281
2 0.842773 0.535156 0.048828 0.015625
3 0.850586 0.516602 0.064453 0.017578
23 0.778320 0.101562 0.068359 0.109375
19 0.509766 0.219727 0.226562 0.119141
20 0.197266 0.166992 0.003906 0.001953
21 0.299805 0.356445 0.142578 0.064453