14 0.974609 0.687500 0.046875 0.015625
16 0.835938 0.884766 0.324219 0.226562
17 0.806641 0.724609 0.382812 0.093750
6 0.407227 0.884766 0.814453 0.226562
5 0.424805 0.723633 0.490234 0.091797
7 0.969727 0.161133 0.056641 0.044922
4 0.805664 0.092773 0.384766 0.185547
8 0.411133 0.093750 0.501953 0.187500
11 0.600586 0.445312 0.240234 0.128906
0 0.022461 0.832031 0.044922 0.054688
15 0.141602 0.723633 0.173828 0.037109
19 0.544922 0.663086 0.132812 0.025391
20 0.600586 0.581055 0.244141 0.123047
21 0.604492 0.580078 0.236328 0.140625