14 0.594727 0.607422 0.068359 0.007812
15 0.478516 0.607422 0.171875 0.007812
16 0.598633 0.619141 0.060547 0.011719
5 0.484375 0.619141 0.183594 0.011719
17 0.731445 0.637695 0.302734 0.021484
6 0.520508 0.635742 0.146484 0.021484
7 0.648438 0.365234 0.179688 0.035156
4 0.478516 0.366211 0.171875 0.033203
8 0.668945 0.321289 0.205078 0.052734
9 0.470703 0.322266 0.207031 0.050781
11 0.448242 0.250977 0.287109 0.087891
12 0.547852 0.564453 0.095703 0.042969
0 0.797852 0.671875 0.400391 0.046875
23 0.440430 0.920898 0.880859 0.154297