14 0.459961 0.526367 0.142578 0.138672
16 0.463867 0.525391 0.138672 0.156250
17 0.460938 0.370117 0.144531 0.154297
6 0.288086 0.241211 0.134766 0.392578
5 0.919922 0.763672 0.156250 0.113281
7 0.856445 0.660156 0.283203 0.089844
4 0.539062 0.852539 0.917969 0.291016
8 0.577148 0.660156 0.521484 0.089844
11 0.914062 0.375977 0.167969 0.107422
0 0.859375 0.056641 0.277344 0.113281
15 0.565430 0.056641 0.443359 0.113281
9 0.788086 0.606445 0.185547 0.017578
12 0.549805 0.601562 0.322266 0.023438
10 0.677734 0.519531 0.250000 0.121094