14 0.844727 0.824219 0.306641 0.269531
16 0.662109 0.625977 0.066406 0.021484
17 0.971680 0.102539 0.052734 0.041016
6 0.809570 0.062500 0.376953 0.125000
5 0.864258 0.390625 0.240234 0.093750
7 0.456055 0.818359 0.912109 0.277344
4 0.453125 0.647461 0.347656 0.064453
8 0.067383 0.761719 0.134766 0.089844
11 0.142578 0.616211 0.285156 0.001953
0 0.339844 0.388672 0.238281 0.085938
15 0.096680 0.384766 0.193359 0.078125
12 0.146484 0.063477 0.292969 0.126953
19 0.340820 0.505859 0.236328 0.078125
1 0.937500 0.150391 0.121094 0.050781
20 0.773438 0.150391 0.335938 0.050781
21 0.461914 0.152344 0.314453 0.050781