14 0.605469 0.444336 0.175781 0.146484
15 0.606445 0.435547 0.177734 0.183594
16 0.606445 0.279297 0.177734 0.156250
5 0.282227 0.280273 0.091797 0.154297
17 0.225586 0.852539 0.451172 0.291016
6 0.253906 0.635742 0.457031 0.142578
7 0.407227 0.545898 0.166016 0.033203
4 0.319336 0.017578 0.341797 0.035156
8 0.695312 0.853516 0.605469 0.289062
9 0.656250 0.635742 0.406250 0.142578
10 0.568359 0.545898 0.167969 0.033203
11 0.954102 0.355469 0.087891 0.328125
12 0.791016 0.390625 0.125000 0.234375
0 0.573242 0.017578 0.166016 0.031250
23 0.249023 0.444336 0.158203 0.146484