14 0.058594 0.015625 0.117188 0.031250
17 0.170898 0.497070 0.095703 0.048828
5 0.814453 0.433594 0.093750 0.042969
7 0.125977 0.430664 0.103516 0.041016
4 0.015625 0.429688 0.031250 0.066406
8 0.277344 0.693359 0.554688 0.117188
11 0.315430 0.874023 0.630859 0.248047
13 0.770508 0.690430 0.455078 0.115234
0 0.777344 0.872070 0.441406 0.251953
15 0.960938 0.634766 0.074219 0.007812
9 0.503906 0.420898 0.144531 0.080078
24 0.955078 0.021484 0.085938 0.042969
1 0.823242 0.329102 0.076172 0.052734
3 0.317383 0.338867 0.162109 0.041016
2 0.665039 0.349609 0.146484 0.058594