14 0.549805 0.495117 0.025391 0.056641
15 0.532227 0.495117 0.060547 0.064453
5 0.810547 0.499023 0.136719 0.236328
17 0.761719 0.504883 0.082031 0.232422
6 0.549805 0.430664 0.025391 0.060547
7 0.811523 0.159180 0.134766 0.205078
4 0.681641 0.333984 0.050781 0.179688
8 0.549805 0.368164 0.025391 0.060547
9 0.806641 0.097656 0.144531 0.195312
11 0.051758 0.367188 0.064453 0.062500
12 0.570312 0.567383 0.218750 0.021484
13 0.356445 0.567383 0.216797 0.021484
0 0.614258 0.603516 0.330078 0.046875
22 0.680664 0.900391 0.634766 0.195312