14 0.560547 0.602539 0.101562 0.009766
15 0.561523 0.616211 0.099609 0.017578
16 0.641602 0.642578 0.259766 0.031250
5 0.768555 0.331055 0.185547 0.041016
17 0.602539 0.332031 0.185547 0.042969
6 0.858398 0.274414 0.279297 0.068359
7 0.638672 0.274414 0.253906 0.068359
4 0.883789 0.174805 0.228516 0.126953
8 0.693359 0.174805 0.363281 0.126953
9 0.595703 0.551758 0.070312 0.044922
11 0.402344 0.445312 0.003906 0.007812
0 0.166992 0.198242 0.111328 0.025391
23 0.455078 0.642578 0.113281 0.031250
18 0.474609 0.551758 0.046875 0.052734