14 0.902344 0.632812 0.152344 0.035156
16 0.902344 0.062500 0.191406 0.125000
17 0.041992 0.472656 0.083984 0.015625
6 0.041016 0.354492 0.082031 0.052734
5 0.946289 0.384766 0.099609 0.082031
7 0.716797 0.817383 0.562500 0.275391
4 0.696289 0.647461 0.423828 0.064453
8 0.234375 0.816406 0.468750 0.273438
11 0.279297 0.646484 0.406250 0.062500
0 0.757812 0.388672 0.230469 0.089844
15 0.488281 0.385742 0.242188 0.080078
19 0.763672 0.502930 0.214844 0.072266
20 0.879883 0.151367 0.236328 0.048828
21 0.644531 0.152344 0.316406 0.050781