14 0.573242 0.648438 0.025391 0.054688
15 0.556641 0.646484 0.058594 0.062500
16 0.772461 0.642578 0.091797 0.187500
5 0.747070 0.647461 0.033203 0.185547
17 0.572266 0.584961 0.023438 0.056641
6 0.760742 0.378906 0.083984 0.132812
7 0.681641 0.505859 0.039062 0.148438
4 0.000977 0.574219 0.001953 0.031250
8 0.571289 0.526367 0.025391 0.056641
9 0.756836 0.275391 0.091797 0.257812
11 0.911133 0.133789 0.173828 0.267578
12 0.004883 0.527344 0.009766 0.058594
13 0.133789 0.527344 0.107422 0.058594
0 0.591797 0.711914 0.199219 0.017578
22 0.636719 0.802734 0.343750 0.093750
23 0.260742 0.802734 0.443359 0.093750