14 0.785156 0.535156 0.042969 0.027344
15 0.770508 0.553711 0.013672 0.005859
16 0.839844 0.342773 0.019531 0.005859
5 0.420898 0.315430 0.314453 0.154297
17 0.165039 0.880859 0.330078 0.234375
7 0.265625 0.684570 0.269531 0.162109
4 0.628906 0.681641 0.593750 0.160156
8 0.366211 0.581055 0.107422 0.041016
9 0.494141 0.580078 0.179688 0.042969
10 0.293945 0.044922 0.251953 0.066406
11 0.597656 0.051758 0.363281 0.068359
12 0.793945 0.055664 0.111328 0.060547
0 0.420898 0.158203 0.314453 0.164062