14 0.010742 0.553711 0.021484 0.005859
16 0.210938 0.608398 0.421875 0.115234
17 0.175781 0.832031 0.351562 0.332031
6 0.676758 0.609375 0.642578 0.117188
5 0.576172 0.833008 0.843750 0.330078
7 0.470703 0.426758 0.164062 0.080078
4 0.461914 0.426758 0.150391 0.091797
8 0.469727 0.335938 0.166016 0.085938
11 0.290039 0.335938 0.166016 0.085938
0 0.800781 0.365234 0.101562 0.019531
22 0.652344 0.245117 0.167969 0.091797
23 0.967773 0.230469 0.048828 0.011719
1 0.324219 0.495117 0.277344 0.021484
3 0.087891 0.527344 0.175781 0.042969
2 0.239258 0.527344 0.419922 0.042969