14 0.224609 0.521484 0.171875 0.136719
16 0.226562 0.520508 0.167969 0.154297
17 0.222656 0.370117 0.171875 0.150391
6 0.021484 0.332031 0.042969 0.203125
5 0.986328 0.725586 0.023438 0.017578
7 0.887695 0.616211 0.220703 0.001953
4 0.639648 0.815430 0.716797 0.271484
8 0.602539 0.646484 0.357422 0.062500
11 0.201172 0.814453 0.402344 0.269531
0 0.925781 0.370117 0.136719 0.048828
15 0.713867 0.375977 0.240234 0.111328
9 0.451172 0.382812 0.242188 0.125000
12 0.882812 0.062500 0.230469 0.125000
23 0.218750 0.063477 0.437500 0.126953
10 0.240234 0.590820 0.210938 0.021484