14 0.875977 0.556641 0.244141 0.027344
15 0.776367 0.549805 0.060547 0.017578
16 0.872070 0.590820 0.251953 0.060547
5 0.566406 0.569336 0.367188 0.017578
17 0.801758 0.700195 0.392578 0.189453
6 0.234375 0.623047 0.277344 0.089844
7 0.876953 0.108398 0.242188 0.146484
4 0.665039 0.143555 0.294922 0.107422
8 0.847656 0.043945 0.300781 0.087891
9 0.639648 0.056641 0.224609 0.113281
11 0.895508 0.480469 0.150391 0.074219
0 0.550781 0.865234 0.894531 0.265625
23 0.698242 0.375000 0.017578 0.015625
19 0.897461 0.340820 0.150391 0.080078
20 0.896484 0.409180 0.152344 0.072266
21 0.985352 0.480469 0.025391 0.066406