14 0.235352 0.849609 0.470703 0.296875
15 0.587891 0.486328 0.109375 0.101562
16 0.587891 0.485352 0.109375 0.111328
5 0.577148 0.377930 0.087891 0.103516
17 0.301758 0.375000 0.208984 0.097656
6 0.346680 0.648438 0.306641 0.105469
7 0.194336 0.565430 0.048828 0.009766
4 0.342773 0.577148 0.333984 0.033203
8 0.232422 0.550781 0.125000 0.015625
9 0.371094 0.550781 0.285156 0.015625
10 0.111328 0.064453 0.218750 0.128906
11 0.312500 0.063477 0.394531 0.126953
12 0.184570 0.172852 0.224609 0.087891
0 0.694336 0.850586 0.607422 0.294922
18 0.595703 0.167969 0.167969 0.093750