14 0.951172 0.747070 0.093750 0.037109
16 0.794922 0.911133 0.406250 0.173828
17 0.780273 0.775391 0.435547 0.097656
6 0.320312 0.910156 0.640625 0.175781
5 0.342773 0.774414 0.490234 0.095703
7 0.940430 0.180664 0.115234 0.107422
4 0.791016 0.021484 0.414062 0.042969
8 0.778320 0.137695 0.439453 0.197266
11 0.315430 0.024414 0.544922 0.048828
0 0.552734 0.491211 0.250000 0.126953
15 0.824219 0.490234 0.253906 0.128906
19 0.915039 0.712891 0.166016 0.027344
20 0.829102 0.628906 0.255859 0.125000
21 0.829102 0.626953 0.255859 0.140625
2 0.552734 0.626953 0.253906 0.140625