14 0.942383 0.394531 0.107422 0.085938
15 0.065430 0.308594 0.130859 0.156250
16 0.162109 0.479492 0.015625 0.072266
5 0.158203 0.305664 0.011719 0.005859
17 0.963867 0.071289 0.068359 0.052734
6 0.932617 0.149414 0.130859 0.099609
7 0.914062 0.229492 0.167969 0.056641
4 0.976562 0.241211 0.042969 0.029297
8 0.919922 0.303711 0.156250 0.091797
9 0.064453 0.171875 0.128906 0.234375
11 0.499023 0.914062 0.998047 0.167969
12 0.068359 0.670898 0.136719 0.080078
13 0.429688 0.730469 0.859375 0.199219
0 0.096680 0.601562 0.193359 0.054688
1 0.500977 0.602539 0.306641 0.052734
2 0.191406 0.569336 0.054688 0.005859
3 0.507812 0.561523 0.187500 0.025391