14 0.966797 0.398438 0.062500 0.074219
15 0.062500 0.293945 0.125000 0.162109
5 0.061523 0.143555 0.123047 0.189453
17 0.029297 0.693359 0.058594 0.062500
6 0.499023 0.831055 0.998047 0.333984
7 0.079102 0.626953 0.158203 0.066406
4 0.537109 0.626953 0.382812 0.078125
8 0.320312 0.560547 0.019531 0.007812
9 0.541992 0.572266 0.212891 0.031250
11 0.537109 0.546875 0.152344 0.015625
12 0.894531 0.790039 0.207031 0.240234
13 0.867188 0.628906 0.261719 0.078125
0 0.787109 0.572266 0.128906 0.031250
1 0.681641 0.547852 0.160156 0.017578
2 0.172852 0.028320 0.244141 0.056641
3 0.467773 0.025391 0.400391 0.050781