14 0.108398 0.694336 0.216797 0.119141
16 0.062500 0.802734 0.125000 0.093750
17 0.143555 0.015625 0.287109 0.031250
6 0.891602 0.488281 0.095703 0.035156
5 0.888672 0.467773 0.089844 0.005859
7 0.215820 0.523438 0.001953 0.054688
4 0.242188 0.513672 0.054688 0.085938
8 0.891602 0.453125 0.095703 0.019531
11 0.210938 0.419922 0.156250 0.082031
0 0.497070 0.694336 0.732422 0.119141
15 0.499023 0.874023 0.998047 0.248047
9 0.900391 0.690430 0.195312 0.115234
23 0.747070 0.490234 0.158203 0.035156
24 0.491211 0.018555 0.427734 0.037109
1 0.843750 0.020508 0.308594 0.041016
3 0.055664 0.322266 0.111328 0.011719
2 0.393555 0.341797 0.166016 0.050781