14 0.904297 0.584961 0.132812 0.029297
15 0.881836 0.604492 0.087891 0.005859
16 0.458984 0.342773 0.343750 0.166016
5 0.141602 0.988281 0.283203 0.019531
17 0.636719 0.988281 0.722656 0.019531
7 0.641602 0.822266 0.712891 0.308594
4 0.262695 0.638672 0.384766 0.054688
8 0.583008 0.637695 0.302734 0.056641
9 0.316406 0.049805 0.281250 0.076172
10 0.654297 0.048828 0.406250 0.078125
11 0.889648 0.618164 0.072266 0.017578
12 0.887695 0.048828 0.166016 0.078125
0 0.458008 0.173828 0.341797 0.171875