14 0.598633 0.472656 0.087891 0.082031
16 0.602539 0.473633 0.095703 0.095703
17 0.598633 0.381836 0.087891 0.087891
6 0.978516 0.231445 0.039062 0.267578
7 0.226562 0.652344 0.453125 0.117188
4 0.222656 0.852539 0.445312 0.291016
8 0.722656 0.648438 0.550781 0.113281
11 0.711914 0.849609 0.572266 0.296875
0 0.495117 0.472656 0.091797 0.078125
15 0.495117 0.472656 0.091797 0.089844
9 0.482422 0.383789 0.117188 0.083984
12 0.599609 0.293945 0.089844 0.091797
23 0.092773 0.277344 0.166016 0.062500
1 0.559570 0.522461 0.201172 0.009766
2 0.645508 0.571289 0.380859 0.041016