14 0.545898 0.511719 0.083984 0.082031
16 0.548828 0.512695 0.089844 0.095703
17 0.545898 0.421875 0.083984 0.085938
6 0.891602 0.202148 0.212891 0.404297
5 0.161133 0.688477 0.322266 0.111328
7 0.099609 0.833984 0.199219 0.179688
4 0.550781 0.686523 0.695312 0.111328
8 0.499023 0.868164 0.998047 0.259766
11 0.252930 0.420898 0.119141 0.080078
0 0.416992 0.510742 0.146484 0.087891
15 0.409180 0.422852 0.162109 0.083984
9 0.162109 0.020508 0.324219 0.041016
12 0.526367 0.023438 0.427734 0.046875
23 0.863281 0.083008 0.156250 0.166016
1 0.321289 0.578125 0.111328 0.019531
2 0.182617 0.613281 0.365234 0.035156