14 0.097656 0.529297 0.195312 0.144531
16 0.053711 0.528320 0.103516 0.162109
17 0.097656 0.370117 0.195312 0.154297
6 0.881836 0.853516 0.232422 0.289062
5 0.921875 0.675781 0.062500 0.062500
7 0.490234 0.853516 0.980469 0.289062
4 0.425781 0.675781 0.410156 0.062500
8 0.062500 0.780273 0.125000 0.146484
11 0.135742 0.660156 0.271484 0.089844
0 0.617188 0.385742 0.253906 0.123047
15 0.344727 0.354492 0.251953 0.060547
9 0.821289 0.055664 0.353516 0.111328
12 0.464844 0.055664 0.441406 0.111328
23 0.528320 0.598633 0.037109 0.017578