14 0.983398 0.649414 0.029297 0.037109
16 0.810547 0.813477 0.375000 0.193359
17 0.790039 0.674805 0.416016 0.025391
6 0.931641 0.108398 0.132812 0.126953
5 0.778320 0.084961 0.439453 0.169922
7 0.801758 0.420898 0.232422 0.115234
4 0.972656 0.417969 0.050781 0.121094
8 0.363281 0.803711 0.726562 0.220703
11 0.385742 0.663086 0.388672 0.060547
0 0.208984 0.643555 0.031250 0.021484
15 0.545898 0.420898 0.236328 0.115234
19 0.554688 0.623047 0.003906 0.003906
1 0.133789 0.625977 0.267578 0.009766
20 0.981445 0.545898 0.033203 0.115234
21 0.981445 0.545898 0.033203 0.130859