14 0.663086 0.553711 0.240234 0.017578
15 0.404297 0.553711 0.308594 0.017578
16 0.672852 0.585938 0.220703 0.042969
5 0.424805 0.585938 0.353516 0.042969
17 0.801758 0.711914 0.392578 0.205078
6 0.398438 0.711914 0.796875 0.205078
7 0.681641 0.113281 0.277344 0.125000
4 0.397461 0.113281 0.322266 0.125000
8 0.709961 0.024414 0.294922 0.048828
9 0.388672 0.024414 0.355469 0.048828
11 0.521484 0.488281 0.128906 0.058594
12 0.521484 0.488281 0.132812 0.066406
0 0.484375 0.907227 0.968750 0.181641
23 0.046875 0.510742 0.093750 0.005859