14 0.618164 0.442383 0.197266 0.166016
15 0.618164 0.433594 0.197266 0.203125
16 0.619141 0.260742 0.199219 0.181641
5 0.248047 0.266602 0.128906 0.169922
17 0.214844 0.906250 0.429688 0.183594
6 0.240234 0.697266 0.480469 0.230469
7 0.392578 0.558594 0.195312 0.042969
8 0.695312 0.906250 0.605469 0.183594
9 0.714844 0.698242 0.566406 0.232422
10 0.579102 0.558594 0.193359 0.042969
11 0.841797 0.373047 0.187500 0.296875
12 0.743164 0.325195 0.017578 0.013672
0 0.166992 0.090820 0.287109 0.177734
23 0.416016 0.445312 0.203125 0.160156