14 0.184570 0.891602 0.369141 0.212891
15 0.636719 0.891602 0.722656 0.212891
16 0.859375 0.541992 0.039062 0.005859
5 0.815430 0.378906 0.138672 0.050781
17 0.484375 0.363281 0.222656 0.109375
7 0.684570 0.697266 0.626953 0.175781
4 0.424805 0.584961 0.087891 0.044922
8 0.687500 0.585938 0.472656 0.046875
9 0.451172 0.550781 0.054688 0.019531
10 0.552734 0.550781 0.160156 0.019531
11 0.917969 0.350586 0.019531 0.017578
12 0.337891 0.051758 0.261719 0.060547
0 0.363281 0.135742 0.230469 0.107422
23 0.866211 0.046875 0.099609 0.062500