14 0.963867 0.625000 0.068359 0.023438
16 0.827148 0.850586 0.341797 0.294922
17 0.797852 0.656250 0.400391 0.089844
6 0.419922 0.850586 0.839844 0.294922
5 0.411133 0.656250 0.482422 0.089844
7 0.967773 0.086914 0.060547 0.048828
4 0.799805 0.055664 0.396484 0.111328
8 0.410156 0.056641 0.441406 0.113281
11 0.585938 0.379883 0.242188 0.130859
0 0.018555 0.760742 0.037109 0.048828
15 0.130859 0.657227 0.175781 0.037109
19 0.530273 0.597656 0.130859 0.023438
20 0.584961 0.515625 0.240234 0.121094
21 0.586914 0.515625 0.240234 0.136719
2 0.329102 0.450195 0.212891 0.005859