16 0.965820 0.108398 0.064453 0.048828
17 0.094727 0.525391 0.189453 0.136719
6 0.063477 0.524414 0.115234 0.154297
5 0.094727 0.373047 0.189453 0.148438
4 0.858398 0.814453 0.279297 0.265625
8 0.794922 0.648438 0.339844 0.062500
11 0.462891 0.816406 0.925781 0.269531
0 0.067383 0.751953 0.134766 0.136719
15 0.143555 0.644531 0.287109 0.074219
9 0.854492 0.399414 0.236328 0.099609
12 0.593750 0.390625 0.242188 0.117188
23 0.807617 0.066406 0.380859 0.132812
10 0.444336 0.066406 0.439453 0.132812
20 0.997070 0.481445 0.001953 0.021484