14 0.541992 0.495117 0.021484 0.048828
15 0.527344 0.495117 0.050781 0.056641
16 0.682617 0.500000 0.048828 0.128906
5 0.659180 0.438477 0.009766 0.001953
17 0.541992 0.440430 0.021484 0.052734
6 0.682617 0.284180 0.048828 0.056641
7 0.628906 0.384766 0.023438 0.117188
4 0.967773 0.030273 0.060547 0.060547
8 0.541992 0.385742 0.021484 0.052734
9 0.682617 0.204102 0.048828 0.201172
11 0.803711 0.112305 0.138672 0.224609
12 0.943359 0.005859 0.011719 0.011719
0 0.141602 0.384766 0.111328 0.054688
2 0.436523 0.550781 0.072266 0.011719