14 0.660156 0.553711 0.234375 0.017578
15 0.407227 0.553711 0.302734 0.017578
16 0.669922 0.584961 0.214844 0.041016
5 0.427734 0.584961 0.343750 0.041016
17 0.800781 0.703125 0.394531 0.191406
6 0.395508 0.704102 0.771484 0.193359
7 0.679688 0.117188 0.273438 0.121094
4 0.399414 0.117188 0.318359 0.121094
8 0.708984 0.027344 0.296875 0.054688
9 0.385742 0.027344 0.361328 0.054688
11 0.521484 0.488281 0.128906 0.058594
12 0.521484 0.488281 0.128906 0.066406
0 0.484375 0.899414 0.968750 0.197266
23 0.048828 0.510742 0.097656 0.005859