14 0.161133 0.818359 0.322266 0.296875
15 0.598633 0.836914 0.798828 0.322266
16 0.850586 0.497070 0.080078 0.009766
5 0.832031 0.505859 0.042969 0.003906
17 0.768555 0.361328 0.013672 0.007812
7 0.352539 0.614258 0.154297 0.107422
4 0.613281 0.620117 0.457031 0.115234
8 0.419922 0.546875 0.027344 0.023438
9 0.669922 0.542969 0.304688 0.035156
10 0.484375 0.515625 0.054688 0.015625
11 0.575195 0.517578 0.146484 0.015625
12 0.360352 0.047852 0.275391 0.060547
0 0.383789 0.122070 0.259766 0.099609
1 0.652344 0.116211 0.304688 0.107422
2 0.816406 0.529297 0.011719 0.003906
3 0.832031 0.517578 0.042969 0.015625
23 0.776367 0.115234 0.056641 0.089844
19 0.517578 0.227539 0.218750 0.115234
21 0.288086 0.352539 0.193359 0.080078