14 0.709961 0.345703 0.279297 0.140625
15 0.499023 0.861328 0.998047 0.273438
16 0.547852 0.666016 0.552734 0.117188
5 0.534180 0.587891 0.287109 0.035156
17 0.968750 0.574219 0.050781 0.007812
7 0.858398 0.063477 0.154297 0.126953
4 0.697266 0.202148 0.253906 0.146484
8 0.115234 0.809570 0.007812 0.041016
9 0.404297 0.582031 0.027344 0.023438
10 0.298828 0.064453 0.238281 0.128906
11 0.432617 0.346680 0.271484 0.138672
12 0.422852 0.202148 0.291016 0.146484
0 0.270508 0.138672 0.009766 0.015625
23 0.640625 0.494141 0.144531 0.132812