14 0.410156 0.497070 0.058594 0.115234
15 0.444336 0.498047 0.126953 0.128906
16 0.421875 0.372070 0.039062 0.119141
5 0.350586 0.436523 0.021484 0.013672
17 0.413086 0.249023 0.056641 0.123047
6 0.255859 0.067383 0.058594 0.099609
7 0.349609 0.206055 0.023438 0.080078
4 0.484375 0.832031 0.867188 0.332031
8 0.824219 0.833008 0.347656 0.330078
9 0.504883 0.629883 0.287109 0.072266
11 0.509766 0.578125 0.156250 0.027344
12 0.743164 0.579102 0.353516 0.029297
0 0.794922 0.030273 0.406250 0.060547
1 0.483398 0.123047 0.212891 0.121094