14 0.685547 0.480469 0.046875 0.082031
16 0.691406 0.481445 0.058594 0.095703
17 0.033203 0.458008 0.066406 0.037109
6 0.665039 0.388672 0.091797 0.089844
5 0.002930 0.419922 0.005859 0.015625
7 0.013672 0.685547 0.027344 0.015625
4 0.338867 0.659180 0.677734 0.115234
8 0.457031 0.855469 0.914062 0.285156
11 0.792969 0.655273 0.410156 0.111328
0 0.344727 0.416016 0.162109 0.007812
15 0.492188 0.458984 0.097656 0.035156
12 0.547852 0.418945 0.115234 0.013672
23 0.666016 0.301758 0.089844 0.091797
24 0.523438 0.296875 0.164062 0.058594
1 0.695312 0.529297 0.066406 0.007812
3 0.407227 0.583008 0.353516 0.037109
2 0.761719 0.579102 0.410156 0.041016