14 0.920898 0.726562 0.154297 0.089844
16 0.856445 0.643555 0.283203 0.072266
17 0.603516 0.812500 0.789062 0.261719
6 0.672852 0.645508 0.330078 0.072266
5 0.858398 0.070312 0.279297 0.140625
7 0.591797 0.069336 0.441406 0.138672
4 0.675781 0.389648 0.238281 0.123047
8 0.907227 0.389648 0.181641 0.123047
11 0.165039 0.814453 0.330078 0.261719
0 0.030273 0.620117 0.060547 0.001953
15 0.416992 0.402344 0.240234 0.097656
20 0.674805 0.518555 0.236328 0.115234
21 0.708984 0.518555 0.175781 0.130859
3 0.416992 0.511719 0.240234 0.078125