14 0.227539 0.853516 0.455078 0.289062
15 0.590820 0.435547 0.119141 0.109375
16 0.590820 0.436523 0.119141 0.119141
5 0.581055 0.319336 0.099609 0.111328
17 0.281250 0.321289 0.226562 0.111328
6 0.273438 0.634766 0.441406 0.152344
7 0.129883 0.530273 0.119141 0.025391
4 0.288086 0.538086 0.435547 0.041016
8 0.205078 0.506836 0.125000 0.017578
9 0.359375 0.506836 0.304688 0.017578
10 0.155273 0.017578 0.048828 0.035156
11 0.331055 0.017578 0.349609 0.035156
12 0.218750 0.090820 0.109375 0.107422
0 0.691406 0.855469 0.613281 0.285156