14 0.066406 0.510742 0.109375 0.076172
16 0.048828 0.512695 0.074219 0.083984
17 0.715820 0.450195 0.091797 0.013672
6 0.049805 0.418945 0.076172 0.080078
5 0.102539 0.691406 0.205078 0.113281
7 0.075195 0.808594 0.150391 0.117188
4 0.512695 0.690430 0.716797 0.115234
8 0.499023 0.871094 0.998047 0.253906
11 0.848633 0.686523 0.298828 0.111328
0 0.397461 0.418945 0.162109 0.076172
15 0.598633 0.449219 0.111328 0.011719
9 0.149414 0.018555 0.298828 0.037109
12 0.500977 0.021484 0.427734 0.042969
23 0.716797 0.328125 0.089844 0.050781
24 0.575195 0.328125 0.162109 0.050781
1 0.293945 0.563477 0.185547 0.005859
3 0.858398 0.581055 0.064453 0.013672
2 0.025391 0.598633 0.023438 0.001953