14 0.227539 0.858398 0.455078 0.279297
15 0.590820 0.445312 0.119141 0.109375
16 0.590820 0.446289 0.119141 0.119141
5 0.581055 0.329102 0.099609 0.111328
17 0.282227 0.321289 0.224609 0.091797
6 0.272461 0.644531 0.443359 0.152344
7 0.128906 0.540039 0.117188 0.025391
4 0.288086 0.547852 0.435547 0.041016
8 0.203125 0.516602 0.128906 0.017578
9 0.359375 0.516602 0.304688 0.017578
10 0.151367 0.023438 0.060547 0.046875
11 0.332031 0.023438 0.347656 0.046875
12 0.220703 0.102539 0.109375 0.107422
0 0.692383 0.860352 0.611328 0.275391
23 0.789062 0.412109 0.117188 0.226562