14 0.356445 0.529297 0.158203 0.144531
16 0.357422 0.528320 0.156250 0.162109
17 0.355469 0.369141 0.160156 0.156250
6 0.105469 0.260742 0.210938 0.353516
5 0.837891 0.852539 0.320312 0.291016
7 0.798828 0.660156 0.398438 0.089844
4 0.416016 0.852539 0.832031 0.291016
8 0.385742 0.660156 0.509766 0.089844
11 0.858398 0.354492 0.251953 0.060547
0 0.980469 0.079102 0.035156 0.029297
15 0.799805 0.056641 0.396484 0.113281
9 0.409180 0.056641 0.443359 0.113281
12 0.626953 0.608398 0.070312 0.013672
23 0.856445 0.484375 0.248047 0.015625
10 0.583008 0.519531 0.251953 0.121094