14 0.651367 0.612305 0.091797 0.009766
15 0.926758 0.773438 0.142578 0.105469
16 0.477539 0.658203 0.255859 0.078125
5 0.875977 0.153320 0.244141 0.111328
17 0.974609 0.028320 0.046875 0.056641
6 0.860352 0.064453 0.275391 0.128906
4 0.593750 0.341797 0.117188 0.027344
8 0.674805 0.894531 0.646484 0.207031
11 0.758789 0.206055 0.009766 0.005859
0 0.991211 0.569336 0.013672 0.001953
23 0.879883 0.401367 0.013672 0.001953
19 0.990234 0.240234 0.015625 0.062500
20 0.806641 0.076172 0.257812 0.097656
21 0.883789 0.071289 0.103516 0.044922