14 0.685547 0.478516 0.046875 0.082031
16 0.691406 0.479492 0.058594 0.095703
17 0.033203 0.456055 0.066406 0.037109
6 0.665039 0.386719 0.091797 0.089844
5 0.002930 0.417969 0.005859 0.015625
7 0.013672 0.683594 0.027344 0.015625
4 0.338867 0.657227 0.677734 0.115234
8 0.458008 0.854492 0.916016 0.287109
11 0.792969 0.653320 0.410156 0.111328
0 0.344727 0.414062 0.162109 0.007812
15 0.492188 0.457031 0.097656 0.035156
12 0.547852 0.416992 0.115234 0.013672
23 0.666016 0.299805 0.089844 0.091797
24 0.523438 0.294922 0.164062 0.058594
3 0.121094 0.572266 0.242188 0.015625
2 0.407227 0.581055 0.353516 0.037109