14 0.408203 0.497070 0.058594 0.119141
15 0.444336 0.498047 0.126953 0.128906
16 0.419922 0.371094 0.039062 0.121094
5 0.346680 0.435547 0.025391 0.015625
17 0.411133 0.247070 0.056641 0.123047
6 0.250000 0.056641 0.062500 0.105469
7 0.346680 0.201172 0.025391 0.082031
4 0.469727 0.833984 0.896484 0.328125
8 0.825195 0.833984 0.345703 0.328125
9 0.503906 0.631836 0.292969 0.072266
11 0.510742 0.579102 0.158203 0.029297
12 0.745117 0.579102 0.353516 0.029297
0 0.795898 0.027344 0.404297 0.054688
1 0.482422 0.119141 0.214844 0.125000