14 0.187500 0.819336 0.375000 0.357422
15 0.522461 0.819336 0.951172 0.357422
16 0.761719 0.510742 0.019531 0.001953
5 0.511719 0.368164 0.199219 0.099609
17 0.393555 0.590820 0.099609 0.048828
7 0.430664 0.552734 0.029297 0.023438
4 0.588867 0.552734 0.146484 0.027344
8 0.481445 0.526367 0.048828 0.001953
9 0.567383 0.532227 0.123047 0.013672
10 0.316406 0.070312 0.355469 0.140625
11 0.643555 0.067383 0.345703 0.134766
12 0.385742 0.177734 0.244141 0.082031
0 0.989258 0.019531 0.017578 0.019531
1 0.797852 0.160156 0.087891 0.019531
2 0.510742 0.267578 0.201172 0.105469
3 0.337891 0.381836 0.136719 0.072266
23 0.324219 0.469727 0.164062 0.087891
19 0.368164 0.421875 0.001953 0.003906
20 0.560547 0.471680 0.101562 0.091797
21 0.560547 0.470703 0.101562 0.105469