14 0.213867 0.869141 0.427734 0.257812
15 0.654297 0.870117 0.687500 0.255859
5 0.832031 0.570312 0.027344 0.003906
17 0.797852 0.430664 0.099609 0.041016
7 0.315430 0.683594 0.333984 0.113281
4 0.653320 0.687500 0.443359 0.117188
8 0.319336 0.609375 0.361328 0.035156
9 0.666992 0.609375 0.365234 0.035156
10 0.479492 0.581055 0.056641 0.017578
11 0.574219 0.581055 0.144531 0.017578
12 0.344727 0.080078 0.310547 0.160156
0 0.405273 0.203125 0.208984 0.089844
23 0.854492 0.196289 0.216797 0.091797