14 0.921875 0.787109 0.152344 0.070312
16 0.722656 0.925781 0.550781 0.144531
17 0.734375 0.801758 0.527344 0.103516
6 0.234375 0.924805 0.468750 0.146484
5 0.340820 0.800781 0.291016 0.101562
7 0.910156 0.134766 0.175781 0.207031
4 0.735352 0.011719 0.525391 0.023438
8 0.736328 0.129883 0.523438 0.220703
11 0.236328 0.013672 0.472656 0.027344
0 0.492188 0.505859 0.257812 0.132812
15 0.773438 0.505859 0.261719 0.132812
23 0.889648 0.736328 0.216797 0.027344
1 0.779297 0.647461 0.269531 0.146484
20 0.492188 0.648438 0.265625 0.128906