14 0.702148 0.511719 0.033203 0.082031
16 0.708984 0.513672 0.046875 0.097656
17 0.039062 0.489258 0.078125 0.033203
5 0.673828 0.420898 0.089844 0.087891
7 0.018555 0.451172 0.009766 0.015625
4 0.028320 0.718750 0.056641 0.039062
8 0.353516 0.690430 0.707031 0.115234
11 0.472656 0.871094 0.945312 0.253906
0 0.854492 0.870117 0.287109 0.255859
15 0.362305 0.451172 0.146484 0.015625
9 0.541992 0.449219 0.146484 0.011719
12 0.103516 0.018555 0.207031 0.037109
23 0.801758 0.023438 0.392578 0.046875
24 0.176758 0.346680 0.162109 0.052734
1 0.534180 0.330078 0.162109 0.054688
3 0.756836 0.577148 0.142578 0.021484
2 0.134766 0.601562 0.269531 0.011719