14 0.075195 0.879883 0.150391 0.236328
15 0.525391 0.880859 0.945312 0.234375
16 0.860352 0.509766 0.060547 0.023438
5 0.857422 0.523438 0.054688 0.007812
17 0.818359 0.330078 0.144531 0.070312
7 0.189453 0.672852 0.328125 0.173828
4 0.609375 0.678711 0.671875 0.181641
8 0.404297 0.563477 0.109375 0.041016
9 0.549805 0.564453 0.185547 0.042969
10 0.444336 0.532227 0.060547 0.017578
11 0.543945 0.534180 0.162109 0.017578
12 0.311523 0.022461 0.294922 0.044922
0 0.337891 0.102539 0.277344 0.119141
1 0.627930 0.099609 0.333984 0.121094
2 0.886719 0.562500 0.113281 0.035156
3 0.864258 0.534180 0.068359 0.017578
23 0.765625 0.091797 0.066406 0.105469
19 0.483398 0.222656 0.228516 0.121094
20 0.080078 0.103516 0.117188 0.089844
21 0.277344 0.349609 0.144531 0.097656