14 0.544922 0.496094 0.023438 0.050781
15 0.529297 0.494141 0.054688 0.058594
16 0.175781 0.474609 0.011719 0.007812
5 0.173828 0.467773 0.015625 0.001953
17 0.710938 0.498047 0.066406 0.148438
6 0.686523 0.500977 0.021484 0.150391
7 0.544922 0.437500 0.023438 0.054688
4 0.710938 0.271484 0.066406 0.109375
8 0.639648 0.375000 0.021484 0.125000
9 0.544922 0.380859 0.023438 0.054688
11 0.639648 0.259766 0.021484 0.148438
12 0.858398 0.087891 0.162109 0.175781
13 0.124023 0.379883 0.115234 0.056641
0 0.556641 0.555664 0.175781 0.013672
2 0.570312 0.577148 0.210938 0.025391
22 0.580078 0.624023 0.253906 0.064453