14 0.578125 0.552734 0.085938 0.007812
15 0.479492 0.552734 0.123047 0.007812
16 0.582031 0.566406 0.078125 0.015625
5 0.424805 0.566406 0.259766 0.015625
17 0.602539 0.590820 0.087891 0.029297
7 0.634766 0.278320 0.199219 0.044922
4 0.440430 0.277344 0.201172 0.046875
8 0.675781 0.216797 0.265625 0.074219
9 0.423828 0.216797 0.261719 0.074219
11 0.396484 0.107422 0.371094 0.140625
12 0.519531 0.503906 0.101562 0.046875
0 0.791016 0.647461 0.414062 0.080078
23 0.384766 0.017578 0.406250 0.035156