14 0.554688 0.494141 0.027344 0.062500
15 0.535156 0.494141 0.066406 0.070312
16 0.905273 0.505859 0.185547 0.371094
5 0.896484 0.511719 0.203125 0.406250
17 0.554688 0.424805 0.027344 0.064453
6 0.890625 0.179688 0.156250 0.359375
7 0.731445 0.286133 0.083984 0.244141
4 0.554688 0.359375 0.027344 0.062500
8 0.864258 0.058594 0.103516 0.117188
9 0.732422 0.133789 0.085938 0.244141
11 0.587891 0.583008 0.273438 0.033203
12 0.301758 0.583984 0.314453 0.031250
13 0.676758 0.644531 0.501953 0.089844
0 0.245117 0.645508 0.408203 0.087891
22 0.282227 0.083008 0.353516 0.154297