14 0.105469 0.857422 0.210938 0.281250
15 0.519531 0.857422 0.957031 0.281250
16 0.835938 0.493164 0.046875 0.017578
5 0.835938 0.504883 0.046875 0.005859
17 0.762695 0.342773 0.052734 0.025391
7 0.261719 0.640625 0.222656 0.148438
4 0.597656 0.643555 0.589844 0.154297
8 0.410156 0.544922 0.101562 0.039062
9 0.572266 0.546875 0.218750 0.039062
10 0.448242 0.516602 0.060547 0.017578
11 0.543945 0.516602 0.158203 0.017578
12 0.317383 0.019531 0.287109 0.039062
0 0.343750 0.094727 0.269531 0.115234
1 0.628906 0.090820 0.328125 0.119141
2 0.852539 0.540039 0.080078 0.025391
3 0.837891 0.516602 0.050781 0.017578
23 0.761719 0.085938 0.070312 0.109375
19 0.481445 0.210938 0.232422 0.121094
20 0.119141 0.123047 0.085938 0.062500
21 0.291992 0.338867 0.126953 0.091797