14 0.440430 0.538086 0.044922 0.091797
15 0.487305 0.538086 0.060547 0.103516
16 0.449219 0.436523 0.031250 0.095703
5 0.393555 0.490234 0.021484 0.015625
17 0.442383 0.339844 0.044922 0.097656
6 0.214844 0.053711 0.128906 0.107422
7 0.336914 0.168945 0.033203 0.224609
4 0.398438 0.284180 0.011719 0.119141
8 0.443359 0.864258 0.886719 0.267578
9 0.837891 0.865234 0.320312 0.265625
11 0.701172 0.687500 0.183594 0.085938
12 0.521484 0.625977 0.167969 0.033203
13 0.748047 0.625977 0.335938 0.033203
0 0.518555 0.599609 0.115234 0.015625