14 0.457031 0.552734 0.042969 0.093750
15 0.486328 0.553711 0.097656 0.103516
16 0.007812 0.307617 0.015625 0.044922
5 0.464844 0.452148 0.031250 0.095703
17 0.410156 0.504883 0.019531 0.013672
6 0.459961 0.354492 0.041016 0.095703
7 0.227539 0.059570 0.142578 0.119141
4 0.355469 0.185547 0.031250 0.222656
8 0.415039 0.300781 0.013672 0.121094
9 0.446289 0.872070 0.892578 0.251953
11 0.460938 0.702148 0.464844 0.087891
12 0.720703 0.704102 0.187500 0.087891
13 0.539062 0.641602 0.167969 0.033203
0 0.765625 0.641602 0.335938 0.033203