14 0.201172 0.521484 0.175781 0.136719
16 0.203125 0.520508 0.171875 0.154297
17 0.199219 0.370117 0.175781 0.150391
6 0.005859 0.339844 0.011719 0.187500
5 0.961914 0.740234 0.072266 0.046875
4 0.593750 0.815430 0.808594 0.271484
8 0.564453 0.646484 0.347656 0.062500
11 0.172852 0.814453 0.345703 0.269531
0 0.916992 0.370117 0.162109 0.048828
15 0.692383 0.375977 0.240234 0.111328
9 0.435547 0.366211 0.230469 0.091797
12 0.866211 0.062500 0.263672 0.125000
23 0.205078 0.063477 0.410156 0.126953
10 0.216797 0.590820 0.214844 0.021484