14 0.128906 0.480469 0.039062 0.015625
17 0.751953 0.450195 0.085938 0.013672
6 0.083984 0.416016 0.128906 0.070312
5 0.160156 0.692383 0.320312 0.115234
7 0.144531 0.874023 0.289062 0.248047
4 0.645508 0.690430 0.705078 0.115234
8 0.553711 0.871094 0.888672 0.253906
11 0.885742 0.683594 0.224609 0.105469
13 0.428711 0.420898 0.158203 0.080078
0 0.544922 0.511719 0.035156 0.078125
15 0.542969 0.512695 0.027344 0.083984
9 0.610352 0.416992 0.154297 0.072266
12 0.187500 0.018555 0.375000 0.037109
23 0.882812 0.022461 0.226562 0.044922
24 0.252930 0.348633 0.162109 0.060547
1 0.607422 0.340820 0.160156 0.076172