14 0.828125 0.815430 0.339844 0.251953
17 0.954102 0.105469 0.087891 0.058594
6 0.796875 0.067383 0.402344 0.134766
5 0.836914 0.400391 0.236328 0.097656
7 0.988281 0.400391 0.019531 0.097656
4 0.423828 0.813477 0.847656 0.263672
8 0.426758 0.648438 0.349609 0.062500
11 0.052734 0.752930 0.105469 0.068359
0 0.577148 0.399414 0.240234 0.095703
15 0.317383 0.391602 0.236328 0.083984
12 0.415039 0.066406 0.439453 0.132812
19 0.988281 0.478516 0.019531 0.019531
1 0.576172 0.506836 0.238281 0.072266
20 0.319336 0.508789 0.236328 0.076172
21 0.086914 0.498047 0.173828 0.058594