14 0.673828 0.543945 0.089844 0.083984
16 0.677734 0.546875 0.097656 0.097656
17 0.051758 0.527344 0.103516 0.039062
6 0.673828 0.452148 0.089844 0.087891
5 0.983398 0.313477 0.029297 0.275391
7 0.003906 0.497070 0.003906 0.001953
4 0.076172 0.673828 0.046875 0.011719
8 0.237305 0.734375 0.474609 0.132812
11 0.192383 0.893555 0.384766 0.208984
0 0.625977 0.900391 0.744141 0.195312
9 0.535156 0.543945 0.160156 0.080078
12 0.560547 0.542969 0.109375 0.089844
23 0.052734 0.066406 0.105469 0.097656
24 0.672852 0.364258 0.087891 0.091797
1 0.982422 0.098633 0.031250 0.197266
2 0.492188 0.593750 0.074219 0.011719