14 0.033203 0.021484 0.066406 0.042969
16 0.818359 0.455078 0.085938 0.007812
17 0.814453 0.447266 0.078125 0.003906
6 0.147461 0.483398 0.146484 0.056641
5 0.815430 0.399414 0.095703 0.087891
7 0.178711 0.374023 0.083984 0.021484
4 0.017578 0.404297 0.035156 0.082031
8 0.208008 0.675781 0.416016 0.117188
11 0.198242 0.865234 0.396484 0.265625
0 0.634766 0.867188 0.726562 0.261719
15 0.914062 0.634766 0.140625 0.027344
9 0.500000 0.402344 0.148438 0.082031
23 0.617188 0.392578 0.058594 0.062500
24 0.923828 0.014648 0.148438 0.029297
1 0.815430 0.312500 0.095703 0.089844
3 0.319336 0.316406 0.158203 0.085938
2 0.670898 0.316406 0.162109 0.085938