14 0.417969 0.498047 0.050781 0.105469
15 0.452148 0.498047 0.111328 0.117188
16 0.429688 0.382812 0.031250 0.109375
5 0.359375 0.444336 0.031250 0.013672
17 0.420898 0.272461 0.048828 0.107422
6 0.267578 0.087891 0.097656 0.175781
7 0.363281 0.243164 0.023438 0.056641
4 0.454102 0.912109 0.908203 0.171875
8 0.886719 0.913086 0.222656 0.169922
9 0.385742 0.731445 0.771484 0.189453
11 0.512695 0.609375 0.212891 0.050781
12 0.790039 0.609375 0.416016 0.050781
13 0.508789 0.570312 0.138672 0.023438
0 0.708984 0.570312 0.296875 0.023438
1 0.455078 0.055664 0.292969 0.111328