14 0.568359 0.567383 0.074219 0.005859
15 0.481445 0.567383 0.107422 0.005859
16 0.572266 0.578125 0.066406 0.011719
5 0.444336 0.578125 0.205078 0.011719
17 0.713867 0.596680 0.326172 0.021484
7 0.620117 0.315430 0.177734 0.037109
4 0.445312 0.314453 0.183594 0.039062
8 0.660156 0.264648 0.242188 0.060547
9 0.435547 0.264648 0.226562 0.060547
11 0.409180 0.179688 0.318359 0.105469
12 0.517578 0.523438 0.097656 0.042969
0 0.785156 0.634766 0.425781 0.050781
23 0.455078 0.934570 0.910156 0.126953