14 0.971680 0.616211 0.052734 0.001953
16 0.958008 0.094727 0.080078 0.060547
17 0.087891 0.519531 0.175781 0.132812
6 0.033203 0.518555 0.066406 0.150391
5 0.086914 0.373047 0.173828 0.144531
7 0.993164 0.359375 0.009766 0.027344
4 0.834961 0.816406 0.326172 0.273438
8 0.773438 0.646484 0.339844 0.062500
11 0.414062 0.816406 0.828125 0.273438
0 0.041992 0.726562 0.083984 0.093750
15 0.129883 0.640625 0.259766 0.074219
9 0.842773 0.389648 0.240234 0.087891
12 0.584961 0.386719 0.232422 0.082031
23 0.797852 0.062500 0.400391 0.125000
20 0.841797 0.517578 0.238281 0.101562