14 0.958008 0.617188 0.080078 0.003906
16 0.945312 0.078125 0.105469 0.093750
17 0.084961 0.520508 0.138672 0.115234
6 0.018555 0.514648 0.005859 0.138672
5 0.082031 0.378906 0.140625 0.128906
7 0.979492 0.367188 0.025391 0.042969
4 0.811523 0.816406 0.373047 0.273438
8 0.758789 0.646484 0.314453 0.062500
11 0.368164 0.816406 0.736328 0.273438
0 0.017578 0.709961 0.035156 0.060547
15 0.116211 0.646484 0.232422 0.062500
9 0.821289 0.391602 0.240234 0.091797
12 0.558594 0.395508 0.242188 0.099609
23 0.784180 0.062500 0.427734 0.125000
20 0.820312 0.505859 0.238281 0.078125
21 0.557617 0.495117 0.240234 0.056641