14 0.612305 0.541992 0.166016 0.009766
15 0.474609 0.541992 0.125000 0.009766
16 0.578125 0.556641 0.078125 0.015625
5 0.418945 0.556641 0.263672 0.015625
17 0.599609 0.582031 0.089844 0.031250
7 0.630859 0.264648 0.203125 0.044922
4 0.440430 0.263672 0.193359 0.046875
8 0.667969 0.202148 0.257812 0.076172
9 0.417969 0.202148 0.265625 0.076172
11 0.385742 0.088867 0.384766 0.146484
12 0.514648 0.493164 0.103516 0.044922
0 0.790039 0.639648 0.416016 0.083984
23 0.382812 0.007812 0.398438 0.015625