14 0.806641 0.487305 0.339844 0.029297
15 0.659180 0.480469 0.056641 0.019531
16 0.814453 0.522461 0.367188 0.060547
5 0.310547 0.504883 0.082031 0.013672
17 0.746094 0.626953 0.503906 0.187500
6 0.129883 0.560547 0.259766 0.093750
7 0.818359 0.056641 0.347656 0.113281
4 0.550781 0.070312 0.292969 0.109375
8 0.680664 0.006836 0.083984 0.013672
9 0.569336 0.017578 0.142578 0.035156
11 0.770508 0.412109 0.138672 0.070312
0 0.499023 0.829102 0.998047 0.337891
23 0.585938 0.306641 0.015625 0.015625
19 0.774414 0.276367 0.142578 0.076172
20 0.973633 0.490234 0.048828 0.023438
21 0.989258 0.510742 0.017578 0.013672