14 0.876953 0.540039 0.242188 0.029297
15 0.779297 0.533203 0.062500 0.019531
16 0.873047 0.574219 0.250000 0.058594
5 0.567383 0.552734 0.361328 0.015625
17 0.801758 0.683594 0.392578 0.187500
6 0.238281 0.605469 0.277344 0.089844
7 0.878906 0.087891 0.238281 0.148438
4 0.669922 0.123047 0.296875 0.109375
8 0.863281 0.033203 0.269531 0.066406
9 0.654297 0.046875 0.203125 0.093750
11 0.898438 0.462891 0.152344 0.074219
0 0.553711 0.856445 0.888672 0.283203
23 0.700195 0.357422 0.017578 0.015625
19 0.901367 0.323242 0.154297 0.080078
20 0.900391 0.391602 0.152344 0.072266
21 0.986328 0.463867 0.023438 0.064453