14 0.652344 0.466797 0.238281 0.210938
16 0.652344 0.247070 0.238281 0.244141
5 0.217773 0.275391 0.158203 0.191406
17 0.243164 0.824219 0.486328 0.347656
7 0.375977 0.617188 0.244141 0.066406
4 0.812500 0.313477 0.003906 0.001953
8 0.710938 0.825195 0.574219 0.345703
9 0.615234 0.617188 0.253906 0.066406
10 0.900391 0.417969 0.179688 0.335938
11 0.812500 0.320312 0.039062 0.015625
12 0.650391 0.087891 0.234375 0.175781
0 0.196289 0.479492 0.197266 0.185547
23 0.413086 0.476562 0.236328 0.210938