14 0.425781 0.487305 0.046875 0.091797
15 0.453125 0.487305 0.101562 0.103516
16 0.434570 0.385742 0.029297 0.095703
5 0.371094 0.466797 0.015625 0.089844
17 0.426758 0.286133 0.044922 0.099609
6 0.234375 0.013672 0.015625 0.027344
7 0.314453 0.112305 0.054688 0.208984
4 0.379883 0.223633 0.017578 0.130859
8 0.465820 0.819336 0.931641 0.357422
9 0.830078 0.819336 0.335938 0.357422
11 0.668945 0.609375 0.169922 0.062500
12 0.497070 0.564453 0.166016 0.023438
13 0.608398 0.564453 0.091797 0.023438
0 0.500977 0.544922 0.115234 0.011719
2 0.466797 0.001953 0.230469 0.003906