14 0.568359 0.554688 0.074219 0.007812
15 0.482422 0.554688 0.109375 0.007812
16 0.573242 0.565430 0.064453 0.009766
5 0.445312 0.565430 0.203125 0.009766
17 0.712891 0.583008 0.324219 0.021484
7 0.620117 0.300781 0.177734 0.039062
4 0.448242 0.300781 0.177734 0.039062
8 0.660156 0.250977 0.242188 0.060547
9 0.435547 0.249023 0.226562 0.060547
11 0.408203 0.165039 0.320312 0.107422
12 0.517578 0.510742 0.097656 0.044922
0 0.784180 0.621094 0.427734 0.050781
23 0.460938 0.926758 0.921875 0.142578