14 0.549805 0.495117 0.025391 0.056641
15 0.532227 0.495117 0.060547 0.064453
16 0.823242 0.499023 0.162109 0.251953
5 0.776367 0.504883 0.095703 0.248047
17 0.550781 0.430664 0.027344 0.060547
6 0.823242 0.208008 0.162109 0.365234
7 0.687500 0.328125 0.054688 0.187500
4 0.550781 0.367188 0.027344 0.062500
8 0.823242 0.101562 0.162109 0.203125
11 0.345703 0.570312 0.234375 0.023438
12 0.622070 0.608398 0.349609 0.052734
13 0.345703 0.609375 0.222656 0.050781
0 0.687500 0.737305 0.578125 0.205078
22 0.569336 0.152344 0.220703 0.105469
23 0.345703 0.149414 0.230469 0.107422