14 0.287109 0.288086 0.464844 0.263672
16 0.778320 0.563477 0.439453 0.259766
17 0.778320 0.561523 0.439453 0.294922
6 0.778320 0.273438 0.439453 0.281250
5 0.002930 0.169922 0.005859 0.015625
7 0.779297 0.076172 0.437500 0.152344
4 0.119141 0.773438 0.238281 0.140625
8 0.019531 0.856445 0.039062 0.029297
11 0.515625 0.797852 0.941406 0.208984
13 0.499023 0.921875 0.998047 0.152344
0 0.929688 0.805664 0.136719 0.193359
15 0.994141 0.908203 0.007812 0.007812
12 0.006836 0.534180 0.013672 0.146484