14 0.002930 0.434570 0.005859 0.001953
15 0.586914 0.684570 0.025391 0.056641
16 0.569336 0.683594 0.060547 0.062500
5 0.777344 0.674805 0.085938 0.185547
17 0.757812 0.678711 0.031250 0.181641
6 0.584961 0.622070 0.025391 0.056641
7 0.746094 0.476562 0.039062 0.007812
4 0.691406 0.542969 0.039062 0.144531
8 0.583984 0.563477 0.023438 0.056641
9 0.758789 0.320312 0.083984 0.246094
11 0.908203 0.157227 0.179688 0.314453
12 0.171875 0.565430 0.089844 0.056641
13 0.601562 0.747070 0.195312 0.013672
0 0.368164 0.746094 0.275391 0.015625
22 0.248047 0.829102 0.496094 0.083984