14 0.952148 0.632812 0.091797 0.031250
16 0.939453 0.082031 0.117188 0.101562
17 0.080078 0.523438 0.132812 0.113281
6 0.018555 0.517578 0.005859 0.136719
5 0.078125 0.383789 0.132812 0.126953
7 0.975586 0.390625 0.044922 0.078125
4 0.809570 0.814453 0.376953 0.265625
8 0.783203 0.648438 0.429688 0.062500
11 0.370117 0.816406 0.740234 0.269531
0 0.017578 0.713867 0.035156 0.060547
15 0.115234 0.649414 0.230469 0.064453
9 0.810547 0.395508 0.238281 0.091797
12 0.549805 0.399414 0.240234 0.099609
23 0.781250 0.066406 0.433594 0.132812
24 0.018555 0.593750 0.005859 0.011719
20 0.809570 0.509766 0.236328 0.078125
21 0.549805 0.519531 0.240234 0.097656