14 0.876953 0.572266 0.242188 0.027344
15 0.778320 0.564453 0.060547 0.019531
16 0.872070 0.606445 0.251953 0.060547
5 0.565430 0.583984 0.365234 0.015625
17 0.801758 0.716797 0.392578 0.191406
6 0.238281 0.638672 0.289062 0.089844
7 0.875000 0.125977 0.246094 0.146484
4 0.664062 0.161133 0.292969 0.103516
8 0.839844 0.052734 0.316406 0.105469
9 0.627930 0.065430 0.244141 0.130859
11 0.895508 0.495117 0.150391 0.072266
0 0.548828 0.873047 0.898438 0.250000
23 0.360352 0.310547 0.119141 0.039062
19 0.698242 0.390625 0.017578 0.015625
20 0.895508 0.355469 0.150391 0.078125
21 0.895508 0.423828 0.150391 0.070312