14 0.107422 0.856445 0.214844 0.283203
15 0.521484 0.857422 0.953125 0.281250
16 0.841797 0.493164 0.046875 0.017578
5 0.841797 0.504883 0.046875 0.005859
17 0.768555 0.342773 0.052734 0.025391
7 0.266602 0.640625 0.220703 0.148438
4 0.603516 0.644531 0.593750 0.156250
8 0.414062 0.544922 0.101562 0.039062
9 0.576172 0.546875 0.218750 0.039062
10 0.452148 0.516602 0.060547 0.017578
11 0.547852 0.516602 0.158203 0.017578
12 0.323242 0.019531 0.287109 0.039062
0 0.348633 0.094727 0.267578 0.115234
1 0.632812 0.090820 0.328125 0.119141
2 0.857422 0.540039 0.082031 0.025391
3 0.842773 0.516602 0.048828 0.017578
23 0.765625 0.085938 0.070312 0.109375
19 0.485352 0.210938 0.232422 0.121094
20 0.124023 0.124023 0.083984 0.060547
21 0.300781 0.344727 0.136719 0.080078