14 0.875000 0.314453 0.097656 0.046875
15 0.466797 0.342773 0.261719 0.126953
16 0.192383 0.816406 0.384766 0.363281
5 0.533203 0.816406 0.929688 0.363281
17 0.366211 0.601562 0.150391 0.062500
7 0.425781 0.557617 0.074219 0.021484
4 0.541016 0.558594 0.191406 0.023438
8 0.981445 0.263672 0.033203 0.015625
9 0.307617 0.072266 0.310547 0.144531
10 0.633789 0.071289 0.376953 0.142578
11 0.973633 0.588867 0.048828 0.033203
12 0.980469 0.521484 0.035156 0.003906
0 0.466797 0.210938 0.261719 0.132812
23 0.029297 0.275391 0.011719 0.007812
19 0.204102 0.515625 0.255859 0.031250
20 0.532227 0.476562 0.130859 0.121094
21 0.531250 0.476562 0.132812 0.136719