14 0.922852 0.596680 0.150391 0.251953
16 0.922852 0.594727 0.150391 0.283203
17 0.922852 0.319336 0.150391 0.263672
6 0.122070 0.321289 0.244141 0.259766
5 0.544922 0.595703 0.507812 0.250000
7 0.544922 0.594727 0.519531 0.283203
4 0.544922 0.319336 0.507812 0.263672
8 0.922852 0.092773 0.150391 0.185547
11 0.544922 0.094727 0.507812 0.189453
13 0.285156 0.833984 0.570312 0.195312
0 0.290039 0.963867 0.580078 0.068359
15 0.775391 0.835938 0.445312 0.195312
9 0.785156 0.965820 0.425781 0.064453
12 0.061523 0.002930 0.029297 0.005859