14 0.919922 0.123047 0.156250 0.136719
16 0.058594 0.554688 0.117188 0.121094
17 0.058594 0.554688 0.117188 0.136719
6 0.059570 0.420898 0.119141 0.126953
5 0.954102 0.430664 0.087891 0.111328
7 0.817383 0.807617 0.361328 0.216797
4 0.779297 0.666992 0.039062 0.060547
8 0.407227 0.824219 0.814453 0.238281
11 0.328125 0.671875 0.281250 0.062500
0 0.113281 0.670898 0.226562 0.056641
15 0.775391 0.429688 0.222656 0.113281
12 0.265625 0.421875 0.246094 0.125000
23 0.771484 0.093750 0.453125 0.187500
19 0.108398 0.082031 0.216797 0.164062
24 0.904297 0.628906 0.160156 0.007812