14 0.045898 0.443359 0.091797 0.011719
15 0.097656 0.511719 0.195312 0.171875
16 0.045898 0.392578 0.091797 0.078125
5 0.499023 0.927734 0.998047 0.140625
17 0.494141 0.756836 0.750000 0.208984
7 0.446289 0.625977 0.384766 0.052734
4 0.875000 0.694336 0.246094 0.083984
8 0.792969 0.625000 0.402344 0.050781
9 0.143555 0.058594 0.126953 0.117188
11 0.746094 0.060547 0.312500 0.121094
0 0.591797 0.355469 0.316406 0.152344
1 0.590820 0.200195 0.314453 0.158203
2 0.272461 0.355469 0.318359 0.152344
3 0.303711 0.198242 0.255859 0.158203