14 0.545898 0.495117 0.021484 0.052734
15 0.529297 0.495117 0.054688 0.060547
16 0.114258 0.491211 0.119141 0.044922
5 0.114258 0.465820 0.119141 0.001953
17 0.725586 0.498047 0.072266 0.160156
6 0.700195 0.501953 0.025391 0.164062
7 0.545898 0.435547 0.021484 0.054688
4 0.725586 0.250977 0.072266 0.119141
8 0.650391 0.365234 0.031250 0.140625
9 0.545898 0.377930 0.021484 0.056641
11 0.650391 0.246094 0.031250 0.160156
12 0.871094 0.071289 0.132812 0.142578
13 0.114258 0.376953 0.119141 0.058594
0 0.554688 0.558594 0.175781 0.015625
22 0.590820 0.639648 0.291016 0.080078
23 0.229492 0.640625 0.458984 0.082031