14 0.086914 0.870117 0.173828 0.255859
15 0.521484 0.871094 0.953125 0.253906
16 0.852539 0.500977 0.060547 0.021484
5 0.851562 0.514648 0.058594 0.009766
17 0.772461 0.344727 0.060547 0.029297
7 0.236328 0.658203 0.250000 0.164062
4 0.603516 0.662109 0.640625 0.171875
8 0.406250 0.554688 0.105469 0.039062
9 0.546875 0.555664 0.179688 0.041016
10 0.445312 0.524414 0.062500 0.017578
11 0.538086 0.524414 0.150391 0.017578
12 0.313477 0.019531 0.291016 0.039062
0 0.337891 0.096680 0.277344 0.119141
1 0.626953 0.093750 0.332031 0.121094
2 0.872070 0.550781 0.099609 0.031250
3 0.851562 0.524414 0.058594 0.017578
23 0.763672 0.087891 0.070312 0.109375
19 0.479492 0.214844 0.236328 0.121094
20 0.096680 0.110352 0.111328 0.083984
21 0.286133 0.342773 0.146484 0.095703