14 0.912109 0.748047 0.171875 0.078125
16 0.711914 0.903320 0.572266 0.189453
17 0.728516 0.757812 0.539062 0.097656
6 0.227539 0.903320 0.455078 0.189453
5 0.329102 0.757812 0.287109 0.097656
7 0.905273 0.098633 0.185547 0.197266
4 0.720703 0.098633 0.515625 0.197266
8 0.237305 0.098633 0.474609 0.197266
11 0.479492 0.465820 0.259766 0.130859
0 0.200195 0.463867 0.255859 0.126953
15 0.023438 0.420898 0.046875 0.017578
23 0.338867 0.694336 0.275391 0.025391
1 0.490234 0.606445 0.238281 0.146484
20 0.197266 0.590820 0.257812 0.091797