14 0.547852 0.496094 0.025391 0.054688
15 0.531250 0.494141 0.058594 0.062500
16 0.131836 0.469727 0.005859 0.001953
5 0.089844 0.465820 0.089844 0.001953
17 0.761719 0.498047 0.105469 0.191406
6 0.729492 0.502930 0.044922 0.193359
7 0.547852 0.433594 0.025391 0.058594
4 0.762695 0.209961 0.107422 0.162109
8 0.665039 0.350586 0.041016 0.158203
9 0.547852 0.373047 0.025391 0.058594
11 0.665039 0.221680 0.041016 0.181641
12 0.897461 0.038086 0.072266 0.076172
13 0.099609 0.372070 0.125000 0.060547
0 0.560547 0.562500 0.191406 0.019531
22 0.615234 0.669922 0.367188 0.113281