14 0.572266 0.577148 0.078125 0.005859
15 0.480469 0.577148 0.113281 0.005859
16 0.576172 0.588867 0.070312 0.013672
5 0.438477 0.588867 0.224609 0.013672
17 0.730469 0.610352 0.351562 0.025391
7 0.624023 0.317383 0.185547 0.041016
4 0.444336 0.316406 0.185547 0.039062
8 0.660156 0.262695 0.242188 0.064453
9 0.429688 0.262695 0.242188 0.064453
11 0.404297 0.170898 0.335938 0.115234
12 0.518555 0.532227 0.099609 0.044922
0 0.787109 0.654297 0.421875 0.058594
23 0.466797 0.997070 0.855469 0.001953