14 0.576172 0.580078 0.082031 0.007812
15 0.479492 0.580078 0.119141 0.007812
16 0.580078 0.592773 0.074219 0.013672
5 0.428711 0.592773 0.248047 0.013672
17 0.598633 0.616211 0.087891 0.029297
7 0.630859 0.310547 0.195312 0.042969
4 0.441406 0.310547 0.195312 0.042969
8 0.668945 0.252930 0.255859 0.068359
9 0.426758 0.252930 0.251953 0.068359
11 0.397461 0.152344 0.357422 0.128906
12 0.518555 0.532227 0.103516 0.044922
0 0.790039 0.668945 0.416016 0.072266
23 0.377930 0.043945 0.427734 0.083984