14 0.914062 0.793945 0.167969 0.166016
16 0.899414 0.677734 0.197266 0.062500
17 0.845703 0.055664 0.304688 0.111328
6 0.902344 0.388672 0.191406 0.089844
5 0.499023 0.853516 0.998047 0.289062
7 0.495117 0.675781 0.255859 0.062500
4 0.107422 0.839844 0.214844 0.261719
8 0.028320 0.675781 0.056641 0.062500
11 0.656250 0.395508 0.253906 0.103516
0 0.116211 0.386719 0.232422 0.085938
15 0.526367 0.055664 0.443359 0.111328
12 0.007812 0.108398 0.015625 0.009766
23 0.407227 0.604492 0.029297 0.005859
19 0.932617 0.456055 0.130859 0.001953
1 0.655273 0.451172 0.212891 0.003906
20 0.385742 0.514648 0.244141 0.076172