14 0.028320 0.624023 0.056641 0.021484
16 0.217773 0.670898 0.435547 0.111328
17 0.167969 0.859375 0.335938 0.265625
6 0.029297 0.024414 0.058594 0.048828
5 0.223633 0.023438 0.427734 0.046875
7 0.966797 0.479492 0.062500 0.048828
4 0.316406 0.483398 0.156250 0.060547
8 0.262695 0.449219 0.052734 0.003906
11 0.974609 0.366211 0.046875 0.013672
15 0.708984 0.675781 0.578125 0.117188
9 0.611328 0.864258 0.773438 0.267578
12 0.985352 0.702148 0.025391 0.013672
22 0.706055 0.392578 0.076172 0.062500
23 0.838867 0.490234 0.162109 0.070312
19 0.644531 0.020508 0.417969 0.041016
1 0.968750 0.315430 0.058594 0.087891
20 0.314453 0.311523 0.156250 0.072266
21 0.146484 0.311523 0.140625 0.068359
3 0.499023 0.317383 0.138672 0.087891
2 0.841797 0.315430 0.164062 0.087891