14 0.616211 0.543945 0.169922 0.009766
15 0.472656 0.543945 0.128906 0.009766
16 0.582031 0.559570 0.082031 0.017578
5 0.415039 0.559570 0.275391 0.017578
17 0.605469 0.585938 0.097656 0.035156
7 0.631836 0.258789 0.201172 0.048828
4 0.433594 0.258789 0.207031 0.048828
8 0.679688 0.191406 0.277344 0.082031
9 0.415039 0.191406 0.275391 0.082031
11 0.381836 0.074219 0.400391 0.148438
12 0.515625 0.494141 0.105469 0.046875
0 0.902344 0.439453 0.007812 0.003906
23 0.281250 0.559570 0.054688 0.017578