14 0.590820 0.529297 0.099609 0.007812
15 0.474609 0.529297 0.144531 0.007812
16 0.595703 0.542969 0.089844 0.015625
5 0.484375 0.542969 0.156250 0.015625
17 0.622070 0.569336 0.111328 0.033203
7 0.635742 0.224609 0.189453 0.058594
4 0.436523 0.224609 0.224609 0.058594
8 0.680664 0.142578 0.259766 0.101562
9 0.412109 0.142578 0.304688 0.101562
11 0.398438 0.060547 0.351562 0.058594
12 0.525391 0.481445 0.109375 0.048828
0 0.736328 0.647461 0.273438 0.119141
23 0.256836 0.542969 0.013672 0.015625
18 0.223633 0.510742 0.005859 0.001953