14 0.073242 0.686523 0.146484 0.048828
16 0.271484 0.724609 0.542969 0.125000
17 0.270508 0.889648 0.541016 0.216797
6 0.770508 0.730469 0.455078 0.128906
5 0.769531 0.893555 0.457031 0.208984
7 0.076172 0.041016 0.152344 0.082031
4 0.314453 0.038086 0.453125 0.076172
8 0.769531 0.033203 0.453125 0.066406
11 0.544922 0.541992 0.164062 0.080078
13 0.536133 0.541016 0.150391 0.089844
0 0.544922 0.452148 0.164062 0.083984
15 0.367188 0.452148 0.160156 0.083984
22 0.544922 0.364258 0.164062 0.087891
23 0.368164 0.366211 0.158203 0.087891
1 0.441406 0.591797 0.203125 0.007812
3 0.647461 0.608398 0.205078 0.021484
2 0.753906 0.593750 0.031250 0.007812