14 0.078125 0.929688 0.062500 0.035156
15 0.485352 0.954102 0.658203 0.087891
16 0.894531 0.528320 0.031250 0.025391
5 0.893555 0.543945 0.029297 0.009766
17 0.832031 0.336914 0.109375 0.052734
7 0.138672 0.764648 0.277344 0.259766
4 0.550781 0.767578 0.785156 0.296875
8 0.394531 0.582031 0.105469 0.031250
9 0.549805 0.591797 0.255859 0.050781
10 0.428711 0.553711 0.080078 0.021484
11 0.539062 0.553711 0.175781 0.021484
0 0.634766 0.013672 0.378906 0.027344
1 0.320312 0.096680 0.292969 0.134766
2 0.629883 0.093750 0.357422 0.136719
3 0.938477 0.586914 0.119141 0.041016
23 0.967773 0.521484 0.060547 0.003906
19 0.820312 0.011719 0.019531 0.023438
20 0.769531 0.092773 0.089844 0.134766
21 0.470703 0.226562 0.246094 0.125000