14 0.642578 0.469727 0.222656 0.197266
15 0.642578 0.464844 0.222656 0.226562
16 0.641602 0.266602 0.224609 0.220703
5 0.233398 0.286133 0.142578 0.181641
17 0.243164 0.818359 0.486328 0.359375
6 0.022461 0.584961 0.044922 0.009766
7 0.381836 0.608398 0.232422 0.056641
4 0.313477 0.001953 0.369141 0.003906
8 0.708008 0.818359 0.580078 0.359375
9 0.604492 0.608398 0.232422 0.056641
10 0.894531 0.431641 0.207031 0.394531
11 0.789062 0.333008 0.031250 0.009766
0 0.218750 0.098633 0.171875 0.189453
23 0.417969 0.480469 0.222656 0.175781