14 0.850586 0.574219 0.087891 0.031250
15 0.828125 0.594727 0.039062 0.005859
16 0.924805 0.357422 0.021484 0.007812
5 0.453125 0.347656 0.324219 0.156250
17 0.164062 0.925781 0.328125 0.144531
7 0.265625 0.750977 0.320312 0.205078
4 0.665039 0.750000 0.666016 0.203125
8 0.389648 0.623047 0.119141 0.046875
9 0.528320 0.623047 0.197266 0.046875
10 0.308594 0.052734 0.285156 0.105469
11 0.648438 0.053711 0.410156 0.107422
12 0.839844 0.601562 0.015625 0.003906
0 0.818359 0.128906 0.031250 0.035156