14 0.190430 0.558594 0.216797 0.015625
15 0.205078 0.577148 0.246094 0.025391
16 0.213867 0.614258 0.333984 0.060547
5 0.169922 0.224609 0.257812 0.085938
17 0.036133 0.213867 0.072266 0.072266
6 0.165039 0.132812 0.330078 0.148438
7 0.008789 0.145508 0.017578 0.064453
4 0.182617 0.052734 0.365234 0.105469
8 0.137695 0.501953 0.107422 0.054688
9 0.126953 0.501953 0.128906 0.062500
11 0.293945 0.735352 0.587891 0.212891
0 0.987305 0.287109 0.021484 0.011719
1 0.131836 0.380859 0.119141 0.062500
2 0.495117 0.552734 0.021484 0.003906