14 0.661133 0.484375 0.087891 0.082031
16 0.666016 0.486328 0.097656 0.097656
17 0.037109 0.461914 0.074219 0.033203
5 0.662109 0.391602 0.089844 0.087891
4 0.256836 0.660156 0.513672 0.113281
8 0.252930 0.856445 0.505859 0.283203
11 0.752930 0.663086 0.490234 0.115234
0 0.343750 0.422852 0.152344 0.013672
15 0.556641 0.484375 0.089844 0.078125
9 0.557617 0.482422 0.091797 0.089844
12 0.543945 0.393555 0.119141 0.083984
23 0.312500 0.003906 0.402344 0.007812
24 0.035156 0.308594 0.070312 0.031250
1 0.167969 0.294922 0.156250 0.058594
2 0.622070 0.534180 0.201172 0.009766