14 0.224609 0.879883 0.449219 0.236328
15 0.592773 0.458008 0.123047 0.111328
16 0.592773 0.458008 0.123047 0.123047
5 0.583984 0.339844 0.105469 0.113281
17 0.288086 0.339844 0.208984 0.113281
6 0.251953 0.673828 0.484375 0.179688
7 0.090820 0.559570 0.162109 0.037109
4 0.257812 0.562500 0.496094 0.042969
8 0.190430 0.530273 0.126953 0.017578
9 0.351562 0.530273 0.320312 0.017578
10 0.140625 0.024414 0.046875 0.048828
11 0.326172 0.024414 0.359375 0.048828
12 0.211914 0.106445 0.099609 0.111328
0 0.695312 0.881836 0.605469 0.232422