14 0.499023 0.519531 0.083984 0.082031
16 0.500977 0.521484 0.087891 0.093750
17 0.499023 0.428711 0.083984 0.087891
6 0.861328 0.207031 0.273438 0.414062
5 0.133789 0.699219 0.267578 0.117188
7 0.063477 0.810547 0.126953 0.105469
4 0.480469 0.696289 0.699219 0.119141
8 0.499023 0.870117 0.998047 0.255859
11 0.184570 0.421875 0.154297 0.070312
0 0.360352 0.519531 0.166016 0.089844
15 0.360352 0.430664 0.166016 0.083984
9 0.134766 0.023438 0.269531 0.046875
12 0.471680 0.030273 0.435547 0.060547
1 0.272461 0.585938 0.146484 0.019531
2 0.155273 0.623047 0.310547 0.039062