14 0.952148 0.596680 0.091797 0.251953
16 0.952148 0.594727 0.091797 0.283203
17 0.952148 0.319336 0.091797 0.263672
6 0.151367 0.321289 0.302734 0.259766
5 0.600586 0.595703 0.509766 0.250000
7 0.603516 0.594727 0.519531 0.283203
4 0.600586 0.319336 0.509766 0.263672
8 0.952148 0.092773 0.091797 0.185547
11 0.600586 0.094727 0.509766 0.189453
13 0.336914 0.833984 0.673828 0.195312
0 0.349609 0.963867 0.699219 0.068359
15 0.808594 0.835938 0.378906 0.195312
9 0.837891 0.965820 0.320312 0.064453
12 0.219727 0.002930 0.166016 0.005859