14 0.644531 0.573242 0.242188 0.013672
15 0.448242 0.574219 0.166016 0.011719
16 0.587891 0.593750 0.105469 0.023438
5 0.385742 0.594727 0.330078 0.025391
17 0.727539 0.636719 0.345703 0.058594
7 0.639648 0.253906 0.232422 0.062500
4 0.413086 0.251953 0.236328 0.062500
8 0.689453 0.166992 0.312500 0.111328
9 0.386719 0.164062 0.332031 0.113281
11 0.362305 0.054688 0.419922 0.109375
12 0.504883 0.516602 0.111328 0.048828
0 0.799805 0.793945 0.396484 0.255859
23 0.101562 0.639648 0.175781 0.056641
18 0.377930 0.458984 0.005859 0.054688