14 0.275391 0.521484 0.164062 0.136719
16 0.277344 0.520508 0.160156 0.154297
17 0.274414 0.370117 0.166016 0.150391
6 0.056641 0.309570 0.113281 0.248047
5 0.912109 0.620117 0.128906 0.009766
7 0.744141 0.815430 0.507812 0.271484
4 0.682617 0.646484 0.369141 0.062500
8 0.247070 0.814453 0.494141 0.269531
11 0.254883 0.640625 0.482422 0.074219
0 0.755859 0.350586 0.230469 0.060547
15 0.499023 0.382812 0.240234 0.125000
9 0.912109 0.062500 0.171875 0.125000
12 0.715820 0.059570 0.435547 0.119141
23 0.329102 0.590820 0.275391 0.021484
10 0.951172 0.481445 0.093750 0.029297