14 0.777344 0.546875 0.222656 0.042969
15 0.723633 0.572266 0.052734 0.007812
16 0.863281 0.313477 0.011719 0.013672
5 0.312500 0.314453 0.332031 0.179688
17 0.109375 0.933594 0.218750 0.128906
7 0.145508 0.757812 0.291016 0.250000
4 0.609375 0.746094 0.777344 0.242188
8 0.216797 0.608398 0.179688 0.048828
9 0.436523 0.605469 0.287109 0.050781
10 0.244141 0.030273 0.128906 0.060547
11 0.498047 0.045898 0.382812 0.091797
12 0.741211 0.581055 0.017578 0.005859
0 0.720703 0.052734 0.160156 0.105469