14 0.159180 0.852539 0.318359 0.291016
15 0.594727 0.855469 0.806641 0.285156
16 0.848633 0.533203 0.080078 0.011719
5 0.830078 0.542969 0.042969 0.003906
17 0.764648 0.398438 0.013672 0.007812
7 0.348633 0.650391 0.158203 0.109375
4 0.613281 0.656250 0.460938 0.117188
8 0.417969 0.583984 0.023438 0.023438
9 0.668945 0.580078 0.302734 0.035156
10 0.483398 0.551758 0.056641 0.013672
11 0.568359 0.552734 0.136719 0.015625
12 0.326172 0.060547 0.339844 0.121094
0 0.384766 0.164062 0.253906 0.097656
1 0.647461 0.159180 0.298828 0.103516
2 0.814453 0.565430 0.011719 0.001953
3 0.830078 0.554688 0.042969 0.015625
23 0.769531 0.157227 0.054688 0.087891
19 0.514648 0.265625 0.216797 0.113281
20 0.291992 0.388672 0.201172 0.078125
21 0.314453 0.257812 0.171875 0.082031