14 0.114258 0.717773 0.228516 0.123047
16 0.004883 0.784180 0.009766 0.005859
17 0.388672 0.716797 0.746094 0.125000
6 0.499023 0.886719 0.998047 0.222656
5 0.117188 0.024414 0.230469 0.048828
7 0.430664 0.027344 0.443359 0.054688
4 0.997070 0.509766 0.001953 0.039062
8 0.368164 0.530273 0.166016 0.080078
11 0.358398 0.529297 0.146484 0.089844
0 0.364258 0.440430 0.154297 0.083984
15 0.188477 0.440430 0.166016 0.083984
9 0.867188 0.713867 0.261719 0.119141
22 0.731445 0.439453 0.123047 0.078125
23 0.951172 0.514648 0.054688 0.048828
1 0.369141 0.352539 0.164062 0.087891
3 0.898438 0.361328 0.156250 0.050781
2 0.093750 0.581055 0.187500 0.009766