14 0.121094 0.665039 0.242188 0.107422
16 0.081055 0.782227 0.162109 0.123047
17 0.152344 0.010742 0.304688 0.021484
6 0.900391 0.469727 0.097656 0.037109
5 0.934570 0.448242 0.017578 0.005859
7 0.262695 0.491211 0.044922 0.076172
4 0.263672 0.493164 0.042969 0.083984
8 0.901367 0.404297 0.095703 0.082031
11 0.230469 0.403320 0.160156 0.083984
0 0.513672 0.665039 0.687500 0.107422
15 0.499023 0.858398 0.998047 0.279297
9 0.895508 0.664062 0.205078 0.105469
23 0.756836 0.470703 0.158203 0.035156
24 0.848633 0.012695 0.298828 0.025391
1 0.903320 0.333984 0.095703 0.054688
3 0.407227 0.333008 0.162109 0.052734
2 0.757812 0.328125 0.160156 0.042969