14 0.083984 0.647461 0.167969 0.068359
16 0.254883 0.669922 0.509766 0.113281
17 0.284180 0.858398 0.568359 0.267578
6 0.080078 0.025391 0.160156 0.050781
5 0.330078 0.023438 0.421875 0.046875
7 0.990234 0.477539 0.015625 0.044922
4 0.361328 0.483398 0.156250 0.060547
8 0.321289 0.449219 0.080078 0.003906
11 0.994141 0.368164 0.007812 0.013672
0 0.190430 0.404297 0.154297 0.082031
15 0.772461 0.673828 0.451172 0.117188
9 0.775391 0.864258 0.445312 0.267578
23 0.879883 0.492188 0.150391 0.074219
19 0.889648 0.381836 0.138672 0.041016
24 0.751953 0.020508 0.421875 0.041016
1 0.964844 0.017578 0.066406 0.035156
20 0.993164 0.319336 0.009766 0.080078
21 0.359375 0.310547 0.156250 0.070312
3 0.187500 0.319336 0.152344 0.083984
2 0.533203 0.317383 0.160156 0.087891