14 0.224609 0.525391 0.171875 0.136719
16 0.226562 0.524414 0.167969 0.154297
17 0.222656 0.372070 0.171875 0.150391
6 0.023438 0.333984 0.046875 0.207031
5 0.992188 0.719727 0.011719 0.001953
7 0.893555 0.621094 0.208984 0.007812
4 0.659180 0.817383 0.677734 0.271484
8 0.605469 0.649414 0.375000 0.064453
11 0.207031 0.818359 0.414062 0.269531
0 0.926758 0.375000 0.142578 0.050781
15 0.711914 0.379883 0.240234 0.111328
9 0.451172 0.385742 0.242188 0.123047
12 0.881836 0.066406 0.232422 0.132812
23 0.220703 0.065430 0.441406 0.130859
10 0.266602 0.594727 0.259766 0.021484