14 0.989258 0.629883 0.017578 0.025391
16 0.815430 0.820312 0.365234 0.277344
17 0.995117 0.662109 0.005859 0.035156
6 0.946289 0.077148 0.103516 0.091797
5 0.785156 0.062500 0.425781 0.125000
7 0.823242 0.390625 0.240234 0.093750
4 0.989258 0.386719 0.017578 0.113281
8 0.368164 0.818359 0.736328 0.277344
11 0.393555 0.647461 0.396484 0.064453
0 0.113281 0.625000 0.226562 0.019531
15 0.559570 0.392578 0.244141 0.097656
20 0.558594 0.502930 0.242188 0.072266
21 0.298828 0.504883 0.238281 0.076172