14 0.020508 0.460938 0.025391 0.011719
15 0.605469 0.713867 0.027344 0.056641
16 0.588867 0.713867 0.060547 0.064453
5 0.796875 0.705078 0.085938 0.187500
17 0.778320 0.708008 0.033203 0.185547
6 0.604492 0.651367 0.025391 0.056641
7 0.763672 0.557617 0.039062 0.115234
4 0.709961 0.572266 0.041016 0.144531
8 0.602539 0.591797 0.025391 0.058594
9 0.774414 0.349609 0.083984 0.242188
11 0.914062 0.170898 0.167969 0.341797
12 0.194336 0.594727 0.083984 0.056641
13 0.622070 0.777344 0.197266 0.015625
0 0.389648 0.777344 0.271484 0.015625
22 0.257812 0.859375 0.515625 0.085938
23 0.738281 0.951172 0.519531 0.093750