14 0.831055 0.839844 0.333984 0.238281
16 0.620117 0.655273 0.001953 0.001953
17 0.955078 0.092773 0.085938 0.060547
6 0.792969 0.062500 0.410156 0.125000
5 0.836914 0.390625 0.240234 0.093750
7 0.987305 0.352539 0.005859 0.017578
4 0.397461 0.818359 0.794922 0.277344
8 0.406250 0.647461 0.367188 0.064453
11 0.038086 0.738281 0.076172 0.042969
0 0.573242 0.392578 0.244141 0.097656
15 0.311523 0.390625 0.240234 0.093750
19 0.834961 0.475586 0.240234 0.021484
1 0.572266 0.502930 0.242188 0.072266
20 0.312500 0.504883 0.238281 0.076172
21 0.087891 0.496094 0.160156 0.058594