14 0.584961 0.496094 0.029297 0.062500
15 0.565430 0.494141 0.068359 0.070312
16 0.928711 0.515625 0.138672 0.320312
5 0.919922 0.513672 0.156250 0.367188
17 0.584961 0.424805 0.029297 0.064453
6 0.928711 0.180664 0.138672 0.361328
7 0.774414 0.284180 0.091797 0.251953
4 0.584961 0.359375 0.029297 0.062500
8 0.907227 0.056641 0.091797 0.113281
11 0.357422 0.584961 0.269531 0.033203
12 0.731445 0.648438 0.513672 0.089844
13 0.300781 0.648438 0.375000 0.089844
0 0.710938 0.846680 0.574219 0.302734
22 0.615234 0.004883 0.253906 0.009766