14 0.594727 0.475586 0.021484 0.048828
15 0.579102 0.475586 0.052734 0.056641
16 0.731445 0.474609 0.048828 0.128906
5 0.708008 0.416016 0.013672 0.003906
17 0.594727 0.419922 0.021484 0.050781
6 0.733398 0.255859 0.048828 0.054688
7 0.678711 0.364258 0.021484 0.115234
4 0.992188 0.004883 0.011719 0.009766
8 0.594727 0.366211 0.021484 0.052734
9 0.733398 0.186523 0.048828 0.189453
11 0.853516 0.097656 0.136719 0.195312
12 0.201172 0.368164 0.105469 0.052734
13 0.598633 0.529297 0.154297 0.011719
0 0.484375 0.529297 0.074219 0.011719
2 0.403320 0.544922 0.228516 0.019531