14 0.891602 0.631836 0.181641 0.033203
16 0.890625 0.062500 0.214844 0.125000
17 0.033203 0.472656 0.066406 0.015625
6 0.032227 0.354492 0.064453 0.052734
5 0.937500 0.393555 0.121094 0.099609
7 0.674805 0.817383 0.646484 0.275391
4 0.664062 0.647461 0.410156 0.064453
8 0.212891 0.816406 0.425781 0.273438
11 0.251953 0.646484 0.410156 0.062500
0 0.733398 0.392578 0.240234 0.097656
15 0.468750 0.384766 0.238281 0.078125
20 0.208984 0.507812 0.238281 0.085938
21 0.870117 0.150391 0.255859 0.050781