14 0.109375 0.576172 0.218750 0.015625
15 0.125977 0.594727 0.251953 0.029297
16 0.152344 0.632812 0.304688 0.062500
5 0.111328 0.233398 0.222656 0.087891
17 0.128906 0.143555 0.257812 0.146484
6 0.147461 0.057617 0.294922 0.115234
7 0.053711 0.516602 0.107422 0.056641
4 0.053711 0.516602 0.107422 0.064453
8 0.468750 0.449219 0.027344 0.019531
9 0.257812 0.754883 0.515625 0.216797
11 0.470703 0.421875 0.031250 0.035156
0 0.407227 0.565430 0.033203 0.005859
1 0.464844 0.575195 0.011719 0.001953
2 0.318359 0.570312 0.230469 0.015625