14 0.179688 0.902344 0.359375 0.191406
15 0.636719 0.902344 0.722656 0.191406
16 0.868164 0.543945 0.033203 0.005859
5 0.815430 0.376953 0.150391 0.050781
17 0.483398 0.361328 0.228516 0.113281
7 0.679688 0.709961 0.636719 0.193359
4 0.422852 0.587891 0.091797 0.046875
8 0.702148 0.587891 0.505859 0.046875
9 0.451172 0.552734 0.054688 0.019531
10 0.551758 0.552734 0.162109 0.019531
11 0.927734 0.344727 0.023438 0.013672
12 0.334961 0.041016 0.267578 0.062500
0 0.360352 0.129883 0.236328 0.111328
23 0.874023 0.037109 0.103516 0.066406