14 0.035156 0.015625 0.070312 0.031250
16 0.102539 0.497070 0.103516 0.048828
6 0.793945 0.449219 0.091797 0.011719
5 0.117188 0.447266 0.121094 0.007812
7 0.010742 0.451172 0.001953 0.015625
4 0.235352 0.692383 0.470703 0.115234
8 0.234375 0.874023 0.468750 0.248047
11 0.734375 0.690430 0.527344 0.115234
13 0.731445 0.872070 0.533203 0.251953
0 0.932617 0.641602 0.123047 0.021484
15 0.478516 0.420898 0.156250 0.080078
9 0.640625 0.511719 0.140625 0.078125
12 0.654297 0.512695 0.113281 0.083984
24 0.794922 0.327148 0.093750 0.048828
1 0.114258 0.343750 0.158203 0.050781
2 0.372070 0.563477 0.169922 0.005859