14 0.549805 0.495117 0.025391 0.056641
15 0.532227 0.495117 0.060547 0.064453
16 0.812500 0.499023 0.136719 0.236328
5 0.764648 0.504883 0.083984 0.236328
17 0.549805 0.430664 0.025391 0.060547
6 0.813477 0.155273 0.138672 0.208984
7 0.681641 0.333984 0.050781 0.179688
4 0.549805 0.368164 0.025391 0.060547
8 0.809570 0.100586 0.146484 0.201172
9 0.681641 0.201172 0.050781 0.195312
11 0.570312 0.567383 0.218750 0.021484
12 0.353516 0.568359 0.222656 0.023438
0 0.353516 0.604492 0.210938 0.048828
22 0.233398 0.904297 0.341797 0.187500