14 0.475586 0.579102 0.041016 0.087891
15 0.502930 0.578125 0.095703 0.097656
16 0.040039 0.543945 0.080078 0.478516
5 0.054688 0.537109 0.109375 0.550781
17 0.482422 0.482422 0.031250 0.089844
6 0.048828 0.154297 0.097656 0.308594
4 0.427734 0.561523 0.019531 0.080078
8 0.476562 0.389648 0.042969 0.091797
9 0.247070 0.096680 0.162109 0.193359
11 0.433594 0.336914 0.011719 0.111328
12 0.053711 0.997070 0.107422 0.001953
13 0.446289 0.857422 0.892578 0.281250
0 0.843750 0.859375 0.308594 0.277344
2 0.697266 0.692383 0.140625 0.052734