14 0.947266 0.768555 0.101562 0.041016
16 0.790039 0.921875 0.416016 0.152344
17 0.775391 0.794922 0.445312 0.097656
6 0.312500 0.920898 0.625000 0.154297
5 0.330078 0.794922 0.500000 0.097656
7 0.934570 0.197266 0.126953 0.117188
4 0.786133 0.033203 0.423828 0.066406
8 0.774414 0.162109 0.447266 0.191406
11 0.300781 0.035156 0.562500 0.070312
0 0.542969 0.509766 0.250000 0.128906
15 0.815430 0.509766 0.251953 0.128906
19 0.911133 0.732422 0.173828 0.027344
20 0.820312 0.646484 0.257812 0.125000
21 0.820312 0.646484 0.257812 0.140625
2 0.544922 0.646484 0.253906 0.140625