14 0.583008 0.495117 0.025391 0.056641
15 0.565430 0.495117 0.060547 0.064453
16 0.101562 0.470703 0.058594 0.003906
5 0.100586 0.465820 0.060547 0.001953
17 0.823242 0.513672 0.126953 0.238281
6 0.811523 0.524414 0.130859 0.248047
7 0.583008 0.431641 0.025391 0.058594
4 0.824219 0.188477 0.125000 0.189453
8 0.708984 0.342773 0.046875 0.169922
11 0.823242 0.111328 0.126953 0.222656
12 0.708984 0.208008 0.046875 0.197266
13 0.964844 0.006836 0.015625 0.013672
22 0.641602 0.599609 0.302734 0.042969