14 0.505859 0.440430 0.160156 0.009766
15 0.517578 0.456055 0.183594 0.017578
16 0.523438 0.483398 0.226562 0.033203
5 0.487305 0.152344 0.208984 0.046875
17 0.357422 0.153320 0.097656 0.048828
6 0.477539 0.086914 0.275391 0.080078
7 0.308594 0.087891 0.140625 0.078125
4 0.472656 0.027344 0.308594 0.039062
8 0.198242 0.027344 0.255859 0.039062
9 0.461914 0.388672 0.076172 0.046875
11 0.841797 0.314453 0.035156 0.019531
0 0.499023 0.795898 0.998047 0.404297
1 0.026367 0.602539 0.052734 0.021484
2 0.300781 0.331055 0.054688 0.025391