14 0.571289 0.576172 0.076172 0.007812
15 0.480469 0.576172 0.113281 0.007812
16 0.575195 0.587891 0.068359 0.011719
5 0.439453 0.587891 0.218750 0.011719
17 0.722656 0.607422 0.339844 0.023438
7 0.623047 0.317383 0.183594 0.041016
4 0.445312 0.317383 0.183594 0.041016
8 0.658203 0.264648 0.238281 0.064453
9 0.429688 0.263672 0.238281 0.062500
11 0.404297 0.173828 0.332031 0.113281
12 0.518555 0.530273 0.099609 0.044922
0 0.786133 0.650391 0.423828 0.058594
23 0.485352 0.978516 0.822266 0.039062