14 0.567383 0.527344 0.025391 0.054688
15 0.550781 0.527344 0.058594 0.062500
16 0.085938 0.502930 0.062500 0.005859
5 0.084961 0.497070 0.064453 0.001953
17 0.803711 0.545898 0.123047 0.236328
6 0.792969 0.555664 0.128906 0.244141
7 0.567383 0.464844 0.025391 0.058594
4 0.800781 0.228516 0.121094 0.183594
8 0.692383 0.376953 0.044922 0.167969
9 0.567383 0.403320 0.025391 0.060547
11 0.691406 0.252930 0.046875 0.173828
12 0.956055 0.031250 0.064453 0.062500
13 0.118164 0.403320 0.123047 0.060547
0 0.587891 0.597656 0.207031 0.019531
22 0.718750 0.724609 0.539062 0.140625
23 0.243164 0.724609 0.458984 0.140625