14 0.869141 0.812500 0.257812 0.242188
16 0.698242 0.638672 0.091797 0.042969
17 0.977539 0.120117 0.041016 0.029297
6 0.820312 0.067383 0.355469 0.134766
5 0.877930 0.400391 0.228516 0.097656
7 0.499023 0.814453 0.998047 0.265625
4 0.482422 0.648438 0.335938 0.062500
8 0.094727 0.778320 0.189453 0.189453
11 0.156250 0.649414 0.312500 0.064453
0 0.357422 0.395508 0.234375 0.091797
15 0.111328 0.388672 0.199219 0.078125
12 0.162109 0.066406 0.324219 0.132812
19 0.357422 0.509766 0.234375 0.078125
1 0.942383 0.161133 0.111328 0.048828
20 0.785156 0.160156 0.332031 0.050781
21 0.482422 0.159180 0.312500 0.048828