14 0.036133 0.002930 0.072266 0.005859
16 0.105469 0.469727 0.136719 0.048828
6 0.786133 0.426758 0.091797 0.013672
5 0.120117 0.421875 0.056641 0.007812
7 0.007812 0.427734 0.015625 0.019531
4 0.240234 0.658203 0.480469 0.109375
8 0.249023 0.853516 0.498047 0.289062
11 0.739258 0.654297 0.517578 0.105469
13 0.740234 0.851562 0.515625 0.292969
0 0.917969 0.609375 0.117188 0.019531
15 0.476562 0.394531 0.152344 0.078125
9 0.629883 0.483398 0.126953 0.076172
24 0.788086 0.307617 0.091797 0.048828
1 0.113281 0.321289 0.164062 0.052734
3 0.646484 0.318359 0.160156 0.070312
2 0.380859 0.536133 0.152344 0.005859