14 0.416992 0.497070 0.052734 0.107422
15 0.450195 0.498047 0.115234 0.117188
16 0.428711 0.381836 0.033203 0.111328
5 0.357422 0.442383 0.031250 0.013672
17 0.420898 0.269531 0.048828 0.109375
6 0.262695 0.085938 0.103516 0.171875
7 0.361328 0.240234 0.023438 0.058594
4 0.476562 0.920898 0.867188 0.154297
8 0.893555 0.920898 0.208984 0.154297
9 0.457031 0.741211 0.656250 0.201172
11 0.511719 0.611328 0.222656 0.054688
12 0.774414 0.611328 0.384766 0.054688
13 0.508789 0.570312 0.138672 0.023438
0 0.704102 0.570312 0.287109 0.023438
1 0.455078 0.052734 0.292969 0.105469