14 0.065430 0.941406 0.068359 0.039062
15 0.488281 0.958984 0.675781 0.078125
16 0.897461 0.528320 0.029297 0.025391
5 0.896484 0.543945 0.027344 0.009766
17 0.835938 0.334961 0.109375 0.052734
7 0.135742 0.769531 0.271484 0.265625
4 0.551758 0.772461 0.802734 0.306641
8 0.394531 0.583984 0.105469 0.035156
9 0.548828 0.591797 0.261719 0.050781
10 0.427734 0.553711 0.078125 0.021484
11 0.540039 0.554688 0.177734 0.019531
12 0.298828 0.013672 0.296875 0.027344
0 0.319336 0.094727 0.294922 0.134766
1 0.628906 0.091797 0.359375 0.136719
2 0.940430 0.586914 0.115234 0.041016
3 0.896484 0.555664 0.027344 0.017578
23 0.821289 0.010742 0.017578 0.021484
19 0.771484 0.090820 0.089844 0.134766
20 0.469727 0.225586 0.248047 0.126953