14 0.645508 0.576172 0.240234 0.011719
15 0.452148 0.576172 0.162109 0.011719
16 0.707031 0.595703 0.339844 0.023438
5 0.392578 0.595703 0.320312 0.023438
17 0.622070 0.635742 0.130859 0.052734
7 0.639648 0.260742 0.232422 0.060547
4 0.416016 0.258789 0.234375 0.060547
8 0.696289 0.174805 0.322266 0.107422
9 0.393555 0.173828 0.318359 0.109375
11 0.364258 0.059570 0.419922 0.119141
12 0.506836 0.519531 0.111328 0.050781
0 0.012695 0.343750 0.021484 0.007812
23 0.223633 0.602539 0.033203 0.009766