14 0.547852 0.496094 0.025391 0.054688
15 0.531250 0.494141 0.058594 0.062500
16 0.068359 0.464844 0.074219 0.003906
5 0.772461 0.498047 0.115234 0.203125
17 0.737305 0.503906 0.048828 0.203125
6 0.547852 0.433594 0.025391 0.058594
7 0.774414 0.197266 0.115234 0.171875
4 0.669922 0.345703 0.042969 0.164062
8 0.547852 0.372070 0.025391 0.060547
9 0.774414 0.116211 0.115234 0.232422
11 0.908203 0.021484 0.046875 0.042969
12 0.095703 0.370117 0.125000 0.060547
13 0.564453 0.564453 0.203125 0.019531
0 0.375000 0.564453 0.183594 0.019531
22 0.226562 0.680664 0.453125 0.126953