14 0.255859 0.521484 0.167969 0.136719
16 0.257812 0.520508 0.164062 0.154297
17 0.253906 0.370117 0.167969 0.150391
6 0.042969 0.319336 0.085938 0.228516
5 0.900391 0.621094 0.167969 0.011719
7 0.703125 0.815430 0.589844 0.271484
4 0.653320 0.646484 0.380859 0.062500
8 0.224609 0.814453 0.449219 0.269531
11 0.236328 0.640625 0.472656 0.074219
0 0.742188 0.374023 0.242188 0.107422
15 0.480469 0.382812 0.242188 0.125000
9 0.900391 0.062500 0.195312 0.125000
12 0.684570 0.059570 0.435547 0.119141
23 0.309570 0.590820 0.283203 0.021484
10 0.941406 0.481445 0.113281 0.029297