14 0.167969 0.843750 0.335938 0.308594
15 0.531250 0.843750 0.894531 0.308594
16 0.829102 0.529297 0.041016 0.007812
5 0.811523 0.537109 0.005859 0.003906
17 0.749023 0.399414 0.001953 0.001953
7 0.363281 0.624023 0.132812 0.072266
4 0.600586 0.640625 0.416016 0.101562
8 0.419922 0.574219 0.027344 0.023438
9 0.652344 0.572266 0.273438 0.031250
10 0.480469 0.543945 0.054688 0.009766
11 0.565430 0.546875 0.130859 0.015625
12 0.324219 0.063477 0.335938 0.126953
0 0.382812 0.167969 0.250000 0.093750
1 0.636719 0.163086 0.281250 0.095703
2 0.801758 0.547852 0.025391 0.013672
3 0.858398 0.092773 0.095703 0.029297
23 0.298828 0.391602 0.175781 0.068359
19 0.322266 0.256836 0.152344 0.080078
20 0.310547 0.483398 0.175781 0.095703
21 0.351562 0.430664 0.007812 0.005859