14 0.946289 0.636719 0.103516 0.062500
16 0.778320 0.810547 0.439453 0.261719
17 0.770508 0.656250 0.455078 0.042969
6 0.917969 0.068359 0.160156 0.136719
5 0.749023 0.067383 0.455078 0.134766
7 0.768555 0.400391 0.224609 0.097656
4 0.956055 0.387695 0.083984 0.123047
8 0.307617 0.814453 0.615234 0.265625
11 0.334961 0.649414 0.376953 0.064453
0 0.514648 0.400391 0.240234 0.097656
15 0.260742 0.389648 0.224609 0.080078
19 0.956055 0.516602 0.083984 0.115234
1 0.766602 0.478516 0.224609 0.019531
20 0.513672 0.522461 0.238281 0.103516
21 0.510742 0.579102 0.001953 0.005859