14 0.890625 0.791016 0.214844 0.187500
16 0.837891 0.651367 0.320312 0.087891
17 0.499023 0.846680 0.998047 0.302734
6 0.544922 0.650391 0.464844 0.089844
5 0.839844 0.052734 0.316406 0.105469
7 0.516602 0.052734 0.435547 0.105469
4 0.647461 0.374023 0.251953 0.130859
8 0.896484 0.374023 0.203125 0.130859
11 0.097656 0.821289 0.195312 0.251953
0 0.375000 0.389648 0.250000 0.099609
15 0.113281 0.383789 0.226562 0.087891
1 0.895508 0.509766 0.205078 0.136719
20 0.646484 0.509766 0.250000 0.121094
2 0.381836 0.444336 0.236328 0.005859