14 0.250000 0.529297 0.175781 0.144531
16 0.251953 0.528320 0.171875 0.162109
17 0.249023 0.369141 0.177734 0.156250
6 0.032227 0.325195 0.064453 0.228516
5 0.706055 0.852539 0.583984 0.291016
7 0.666016 0.675781 0.402344 0.062500
4 0.225586 0.852539 0.451172 0.291016
8 0.237305 0.660156 0.474609 0.089844
11 0.955078 0.370117 0.085938 0.052734
0 0.485352 0.382812 0.251953 0.128906
15 0.916992 0.055664 0.162109 0.111328
9 0.693359 0.047852 0.441406 0.095703
12 0.252930 0.056641 0.451172 0.113281
23 0.304688 0.601562 0.292969 0.023438
10 0.954102 0.489258 0.087891 0.025391