14 0.123047 0.458008 0.105469 0.080078
15 0.163086 0.480469 0.185547 0.148438
16 0.122070 0.377930 0.107422 0.072266
5 0.012695 0.436523 0.025391 0.041016
7 0.008789 0.108398 0.017578 0.025391
4 0.499023 0.843750 0.998047 0.308594
8 0.045898 0.626953 0.091797 0.042969
9 0.509766 0.640625 0.445312 0.093750
11 0.504883 0.574219 0.240234 0.035156
12 0.897461 0.726562 0.150391 0.074219
0 0.708984 0.572266 0.234375 0.031250
1 0.198242 0.071289 0.154297 0.142578
2 0.432617 0.071289 0.392578 0.142578
3 0.725586 0.071289 0.267578 0.142578