14 0.121094 0.666992 0.242188 0.107422
16 0.023438 0.735352 0.046875 0.025391
17 0.396484 0.666016 0.687500 0.109375
6 0.499023 0.859375 0.998047 0.277344
5 0.120117 0.009766 0.240234 0.019531
7 0.437500 0.010742 0.410156 0.021484
4 0.377930 0.492188 0.162109 0.078125
8 0.369141 0.491211 0.144531 0.087891
11 0.374023 0.403320 0.154297 0.083984
0 0.859375 0.665039 0.277344 0.107422
15 0.875977 0.833984 0.244141 0.226562
9 0.730469 0.417969 0.125000 0.046875
12 0.947266 0.477539 0.062500 0.048828
22 0.930664 0.429688 0.099609 0.007812
23 0.818359 0.011719 0.359375 0.023438
1 0.904297 0.331055 0.156250 0.048828
3 0.248047 0.541992 0.179688 0.009766
2 0.198242 0.558594 0.279297 0.019531