14 0.868164 0.508789 0.185547 0.009766
15 0.947266 0.280273 0.058594 0.029297
16 0.466797 0.331055 0.281250 0.134766
5 0.181641 0.830078 0.363281 0.335938
17 0.536133 0.831055 0.923828 0.333984
7 0.577148 0.620117 0.419922 0.083984
4 0.421875 0.562500 0.085938 0.027344
8 0.551758 0.562500 0.216797 0.027344
9 0.313477 0.059570 0.302734 0.119141
10 0.637695 0.058594 0.376953 0.117188
11 0.795898 0.057617 0.080078 0.115234
12 0.466797 0.190430 0.281250 0.142578
0 0.276367 0.192383 0.095703 0.142578
20 0.691406 0.475586 0.164062 0.130859