14 0.414062 0.446289 0.042969 0.087891
15 0.440430 0.445312 0.095703 0.097656
16 0.007812 0.410156 0.015625 0.488281
5 0.423828 0.347656 0.027344 0.093750
17 0.365234 0.426758 0.019531 0.083984
6 0.413086 0.250000 0.044922 0.097656
7 0.243164 0.012695 0.005859 0.025391
4 0.310547 0.095703 0.046875 0.191406
8 0.364258 0.193359 0.017578 0.121094
9 0.466797 0.923828 0.933594 0.148438
11 0.406250 0.714844 0.812500 0.265625
12 0.809570 0.714844 0.376953 0.265625
13 0.457031 0.555664 0.230469 0.048828
0 0.780273 0.555664 0.435547 0.048828
1 0.482422 0.519531 0.152344 0.019531
2 0.585938 0.519531 0.082031 0.019531
3 0.486328 0.501953 0.109375 0.011719