14 0.700195 0.597656 0.337891 0.031250
15 0.367188 0.598633 0.367188 0.033203
16 0.708008 0.658203 0.306641 0.085938
5 0.357422 0.660156 0.503906 0.089844
17 0.804688 0.850586 0.386719 0.294922
6 0.401367 0.850586 0.802734 0.294922
7 0.712891 0.114258 0.363281 0.142578
4 0.368164 0.110352 0.365234 0.142578
8 0.746094 0.022461 0.382812 0.044922
9 0.351562 0.020508 0.414062 0.041016
11 0.505859 0.507812 0.136719 0.070312
12 0.203125 0.598633 0.113281 0.033203
0 0.317383 0.508789 0.076172 0.064453
23 0.994141 0.364258 0.007812 0.013672