14 0.579102 0.499023 0.025391 0.056641
15 0.561523 0.499023 0.060547 0.064453
16 0.098633 0.474609 0.060547 0.003906
5 0.097656 0.469727 0.062500 0.001953
17 0.816406 0.516602 0.125000 0.236328
6 0.804688 0.527344 0.128906 0.246094
7 0.579102 0.435547 0.025391 0.058594
4 0.816406 0.196289 0.125000 0.189453
8 0.704102 0.347656 0.044922 0.167969
9 0.579102 0.374023 0.025391 0.060547
11 0.704102 0.213867 0.044922 0.193359
12 0.958984 0.012695 0.027344 0.025391
13 0.128906 0.375977 0.121094 0.060547
0 0.598633 0.570312 0.208984 0.019531
22 0.728516 0.695312 0.539062 0.140625