14 0.920898 0.750000 0.154297 0.070312
16 0.721680 0.906250 0.552734 0.183594
17 0.737305 0.764648 0.521484 0.099609
6 0.236328 0.905273 0.472656 0.185547
5 0.346680 0.762695 0.287109 0.099609
7 0.914062 0.102539 0.167969 0.197266
4 0.738281 0.101562 0.519531 0.203125
8 0.245117 0.103516 0.490234 0.207031
11 0.497070 0.471680 0.259766 0.130859
0 0.219727 0.469727 0.251953 0.126953
15 0.034180 0.427734 0.068359 0.015625
23 0.356445 0.699219 0.275391 0.027344
1 0.507812 0.612305 0.238281 0.146484
20 0.215820 0.595703 0.255859 0.089844