14 0.198242 0.801758 0.396484 0.392578
15 0.587891 0.801758 0.820312 0.392578
16 0.741211 0.469727 0.087891 0.013672
5 0.728516 0.480469 0.062500 0.003906
17 0.698242 0.360352 0.013672 0.013672
7 0.355469 0.566406 0.167969 0.074219
4 0.576172 0.566406 0.351562 0.074219
8 0.421875 0.513672 0.070312 0.027344
9 0.541016 0.513672 0.195312 0.027344
10 0.441406 0.491211 0.046875 0.013672
11 0.589844 0.491211 0.261719 0.013672
12 0.329102 0.040039 0.251953 0.080078
0 0.361328 0.123047 0.207031 0.085938
23 0.768555 0.124023 0.162109 0.083984