14 0.620117 0.487305 0.041016 0.025391
15 0.605469 0.504883 0.011719 0.005859
16 0.667969 0.303711 0.019531 0.005859
5 0.248047 0.260742 0.343750 0.173828
17 0.083008 0.863281 0.166016 0.269531
7 0.120117 0.650391 0.240234 0.179688
4 0.455078 0.639648 0.574219 0.173828
8 0.199219 0.540039 0.117188 0.044922
9 0.370117 0.535156 0.255859 0.046875
10 0.994141 0.214844 0.007812 0.003906
11 0.219727 0.002930 0.060547 0.005859
12 0.426758 0.020508 0.353516 0.041016
0 0.625000 0.022461 0.097656 0.044922