14 0.578125 0.570312 0.082031 0.007812
15 0.481445 0.570312 0.119141 0.007812
16 0.582031 0.583008 0.074219 0.013672
5 0.430664 0.583008 0.248047 0.013672
17 0.600586 0.606445 0.087891 0.029297
7 0.632812 0.300781 0.195312 0.042969
4 0.443359 0.300781 0.195312 0.042969
8 0.670898 0.243164 0.255859 0.068359
9 0.427734 0.242188 0.253906 0.070312
11 0.399414 0.141602 0.361328 0.130859
12 0.521484 0.522461 0.101562 0.044922
0 0.791016 0.659180 0.414062 0.072266
23 0.381836 0.037109 0.423828 0.074219