14 0.564453 0.165039 0.027344 0.060547
16 0.769531 0.149414 0.109375 0.205078
5 0.745117 0.153320 0.064453 0.201172
17 0.566406 0.094727 0.027344 0.068359
6 0.688477 0.042969 0.044922 0.085938
7 0.566406 0.030273 0.027344 0.056641
4 0.102539 0.029297 0.095703 0.058594
8 0.577148 0.231445 0.193359 0.013672
9 0.343750 0.231445 0.273438 0.013672
11 0.287109 0.254883 0.378906 0.029297
12 0.609375 0.308594 0.304688 0.074219
13 0.235352 0.308594 0.470703 0.074219
0 0.672852 0.607422 0.650391 0.519531
22 0.199219 0.235352 0.035156 0.005859
23 0.112305 0.254883 0.138672 0.029297