14 0.902344 0.569336 0.183594 0.009766
15 0.609375 0.568359 0.093750 0.007812
16 0.902344 0.583984 0.183594 0.019531
5 0.708008 0.583008 0.279297 0.017578
17 0.937500 0.607422 0.121094 0.027344
6 0.762695 0.615234 0.470703 0.042969
7 0.833008 0.250977 0.099609 0.060547
4 0.634766 0.250977 0.222656 0.064453
8 0.894531 0.202148 0.019531 0.017578
9 0.679688 0.160156 0.308594 0.117188
11 0.686523 0.051758 0.322266 0.103516
0 0.389648 0.400391 0.013672 0.101562
23 0.448242 0.620117 0.154297 0.029297
18 0.487305 0.518555 0.052734 0.056641