14 0.392578 0.477539 0.054688 0.115234
15 0.426758 0.473633 0.126953 0.134766
16 0.392578 0.347656 0.058594 0.121094
5 0.313477 0.503906 0.048828 0.007812
17 0.392578 0.221680 0.058594 0.126953
6 0.226562 0.025391 0.027344 0.046875
7 0.312500 0.158203 0.046875 0.105469
4 0.471680 0.975586 0.943359 0.044922
8 0.961914 0.963867 0.072266 0.021484
9 0.460938 0.785156 0.921875 0.332031
11 0.477539 0.590820 0.275391 0.052734
12 0.654297 0.590820 0.167969 0.052734
0 0.589844 0.552734 0.078125 0.019531
1 0.920898 0.547852 0.154297 0.009766