14 0.858398 0.581055 0.279297 0.029297
15 0.743164 0.574219 0.060547 0.019531
16 0.855469 0.616211 0.285156 0.060547
5 0.389648 0.596680 0.080078 0.013672
17 0.786133 0.725586 0.423828 0.193359
6 0.209961 0.649414 0.263672 0.091797
7 0.858398 0.138672 0.279297 0.148438
4 0.629883 0.174805 0.287109 0.103516
8 0.818359 0.060547 0.359375 0.121094
9 0.588867 0.072266 0.251953 0.144531
11 0.858398 0.504883 0.146484 0.072266
0 0.539062 0.877930 0.917969 0.240234
23 0.328125 0.319336 0.121094 0.041016
19 0.665039 0.400391 0.017578 0.015625
20 0.857422 0.368164 0.144531 0.076172
21 0.857422 0.434570 0.144531 0.068359