14 0.719727 0.573242 0.091797 0.083984
16 0.724609 0.575195 0.101562 0.099609
17 0.077148 0.558594 0.134766 0.046875
5 0.718750 0.478516 0.089844 0.089844
4 0.167969 0.697266 0.015625 0.003906
8 0.268555 0.762695 0.537109 0.134766
11 0.256836 0.905273 0.513672 0.185547
0 0.732422 0.915039 0.531250 0.166016
15 0.578125 0.571289 0.164062 0.080078
9 0.596680 0.570312 0.126953 0.089844
12 0.591797 0.481445 0.132812 0.083984
23 0.293945 0.073242 0.509766 0.146484
24 0.081055 0.405273 0.134766 0.080078
1 0.240234 0.409180 0.144531 0.064453
2 0.677734 0.623047 0.207031 0.011719