14 0.076172 0.431641 0.015625 0.003906
15 0.099609 0.499023 0.199219 0.173828
16 0.055664 0.376953 0.111328 0.078125
5 0.499023 0.932617 0.998047 0.130859
17 0.504883 0.755859 0.794922 0.222656
7 0.456055 0.615234 0.400391 0.054688
4 0.883789 0.743164 0.228516 0.201172
8 0.799805 0.615234 0.396484 0.054688
9 0.166016 0.064453 0.085938 0.062500
11 0.707031 0.067383 0.214844 0.060547
0 0.601562 0.339844 0.324219 0.156250
1 0.601562 0.179688 0.324219 0.160156
2 0.275391 0.339844 0.324219 0.156250
3 0.306641 0.178711 0.261719 0.162109