14 0.039062 0.700195 0.003906 0.001953
16 0.088867 0.015625 0.177734 0.031250
17 0.830078 0.510742 0.070312 0.076172
6 0.830078 0.468750 0.070312 0.003906
5 0.233398 0.483398 0.029297 0.021484
7 0.153320 0.469727 0.130859 0.001953
4 0.842773 0.454102 0.095703 0.021484
8 0.153320 0.426758 0.130859 0.064453
11 0.028320 0.420898 0.056641 0.083984
13 0.333008 0.693359 0.666016 0.117188
0 0.427734 0.874023 0.855469 0.248047
15 0.817383 0.690430 0.361328 0.115234
9 0.833984 0.872070 0.328125 0.251953
24 0.790039 0.020508 0.416016 0.041016
1 0.985352 0.031250 0.025391 0.023438
3 0.028320 0.346680 0.056641 0.060547
2 0.344727 0.337891 0.162109 0.039062