14 0.058594 0.445312 0.117188 0.011719
15 0.101562 0.510742 0.203125 0.169922
16 0.059570 0.393555 0.119141 0.080078
5 0.997070 0.133789 0.001953 0.001953
17 0.499023 0.910156 0.998047 0.175781
7 0.193359 0.611328 0.160156 0.027344
4 0.449219 0.622070 0.367188 0.048828
8 0.865234 0.681641 0.265625 0.070312
9 0.781250 0.621094 0.386719 0.046875
11 0.439453 0.066406 0.363281 0.132812
0 0.873047 0.210938 0.250000 0.152344
1 0.583984 0.361328 0.296875 0.148438
2 0.583984 0.209961 0.296875 0.154297
3 0.277344 0.360352 0.312500 0.146484