14 0.694336 0.484375 0.025391 0.082031
16 0.700195 0.486328 0.037109 0.093750
17 0.031250 0.460938 0.062500 0.035156
6 0.664062 0.392578 0.089844 0.089844
5 0.002930 0.423828 0.005859 0.015625
7 0.023438 0.696289 0.046875 0.025391
4 0.351562 0.664062 0.703125 0.117188
8 0.490234 0.857422 0.980469 0.281250
11 0.797852 0.658203 0.400391 0.113281
0 0.342773 0.421875 0.162109 0.015625
15 0.511719 0.462891 0.097656 0.035156
12 0.545898 0.423828 0.115234 0.015625
23 0.798828 0.005859 0.398438 0.011719
24 0.161133 0.315430 0.166016 0.056641
1 0.522461 0.298828 0.162109 0.054688
3 0.746094 0.549805 0.128906 0.021484
2 0.131836 0.576172 0.263672 0.011719