14 0.859375 0.566406 0.140625 0.007812
15 0.609375 0.566406 0.085938 0.007812
16 0.859375 0.580078 0.140625 0.015625
5 0.699219 0.580078 0.289062 0.015625
17 0.892578 0.596680 0.074219 0.013672
6 0.732422 0.605469 0.398438 0.035156
7 0.835938 0.253906 0.003906 0.003906
4 0.635742 0.260742 0.208984 0.060547
8 0.975586 0.133789 0.033203 0.025391
9 0.666992 0.177734 0.271484 0.105469
11 0.718750 0.063477 0.375000 0.126953
0 0.403320 0.368164 0.013672 0.017578
23 0.269531 0.872070 0.539062 0.251953
18 0.402344 0.498047 0.015625 0.082031