14 0.083984 0.678711 0.167969 0.076172
16 0.325195 0.702148 0.650391 0.123047
17 0.412109 0.878906 0.824219 0.238281
6 0.083984 0.015625 0.167969 0.031250
5 0.366211 0.018555 0.431641 0.037109
8 0.367188 0.499023 0.113281 0.044922
11 0.357422 0.472656 0.093750 0.003906
0 0.331055 0.438477 0.142578 0.060547
15 0.158203 0.425781 0.160156 0.085938
9 0.816406 0.698242 0.363281 0.119141
12 0.829102 0.877930 0.337891 0.240234
22 0.699219 0.439453 0.144531 0.046875
23 0.895508 0.500000 0.111328 0.046875
1 0.984375 0.030273 0.027344 0.025391
3 0.158203 0.336914 0.160156 0.087891
2 0.519531 0.327148 0.164062 0.013672