14 0.947266 0.113281 0.101562 0.097656
16 0.088867 0.547852 0.177734 0.130859
17 0.088867 0.546875 0.177734 0.148438
6 0.089844 0.405273 0.179688 0.142578
5 0.989258 0.378906 0.017578 0.039062
7 0.815430 0.806641 0.365234 0.222656
4 0.783203 0.662109 0.046875 0.062500
8 0.364258 0.803711 0.728516 0.220703
11 0.347656 0.660156 0.238281 0.062500
0 0.136719 0.658203 0.273438 0.058594
15 0.834961 0.417969 0.240234 0.117188
9 0.574219 0.417969 0.238281 0.117188
12 0.306641 0.416016 0.210938 0.121094
23 0.381836 0.083984 0.451172 0.167969