14 0.083984 0.511719 0.097656 0.078125
16 0.049805 0.512695 0.099609 0.083984
17 0.728516 0.450195 0.089844 0.013672
6 0.053711 0.417969 0.107422 0.074219
5 0.125000 0.691406 0.250000 0.113281
7 0.101562 0.844727 0.203125 0.189453
4 0.565430 0.690430 0.716797 0.115234
8 0.499023 0.871094 0.998047 0.253906
11 0.862305 0.686523 0.271484 0.111328
0 0.413086 0.420898 0.158203 0.080078
15 0.605469 0.447266 0.101562 0.007812
9 0.164062 0.018555 0.328125 0.037109
12 0.532227 0.021484 0.427734 0.042969
23 0.729492 0.328125 0.091797 0.050781
24 0.586914 0.328125 0.162109 0.050781
1 0.313477 0.563477 0.142578 0.005859
3 0.902344 0.586914 0.007812 0.001953
2 0.036133 0.599609 0.072266 0.003906