14 0.500000 0.476562 0.085938 0.082031
16 0.502930 0.477539 0.091797 0.095703
17 0.500000 0.385742 0.085938 0.087891
6 0.875000 0.185547 0.246094 0.371094
5 0.143555 0.656250 0.287109 0.117188
7 0.088867 0.804688 0.177734 0.183594
4 0.524414 0.651367 0.685547 0.119141
8 0.499023 0.846680 0.998047 0.302734
11 0.187500 0.377930 0.148438 0.072266
0 0.361328 0.475586 0.164062 0.091797
15 0.360352 0.385742 0.166016 0.083984
9 0.602539 0.002930 0.166016 0.005859
12 0.500000 0.298828 0.085938 0.089844
23 0.035156 0.284180 0.070312 0.052734
1 0.454102 0.526367 0.201172 0.009766
2 0.480469 0.574219 0.378906 0.042969