14 0.550781 0.495117 0.027344 0.056641
15 0.533203 0.494141 0.062500 0.066406
16 0.829102 0.500000 0.166016 0.257812
5 0.782227 0.505859 0.099609 0.253906
17 0.550781 0.430664 0.027344 0.060547
6 0.830078 0.203125 0.167969 0.375000
7 0.689453 0.327148 0.054688 0.189453
4 0.550781 0.366211 0.027344 0.064453
8 0.830078 0.099609 0.167969 0.199219
11 0.341797 0.570312 0.242188 0.023438
12 0.626953 0.610352 0.359375 0.052734
13 0.341797 0.610352 0.230469 0.052734
0 0.696289 0.745117 0.603516 0.216797
22 0.570312 0.148438 0.222656 0.109375
23 0.344727 0.146484 0.236328 0.109375