14 0.141602 0.670898 0.283203 0.111328
16 0.071289 0.815430 0.142578 0.173828
17 0.170898 0.023438 0.341797 0.046875
6 0.942383 0.477539 0.099609 0.052734
5 0.975586 0.447266 0.021484 0.003906
7 0.272461 0.491211 0.154297 0.076172
4 0.237305 0.490234 0.087891 0.085938
8 0.960938 0.399414 0.062500 0.087891
11 0.272461 0.404297 0.154297 0.082031
0 0.562500 0.675781 0.628906 0.117188
15 0.499023 0.864258 0.998047 0.267578
9 0.913086 0.715820 0.169922 0.041016
12 0.939453 0.781250 0.117188 0.089844
23 0.794922 0.480469 0.160156 0.050781
19 0.537109 0.020508 0.421875 0.041016
24 0.865234 0.017578 0.265625 0.035156
1 0.947266 0.313477 0.097656 0.091797
20 0.271484 0.318359 0.156250 0.085938
21 0.099609 0.311523 0.152344 0.068359
3 0.444336 0.317383 0.158203 0.087891
2 0.796875 0.315430 0.164062 0.087891