14 0.895508 0.799805 0.205078 0.177734
16 0.840820 0.664062 0.314453 0.093750
17 0.499023 0.854492 0.998047 0.287109
6 0.548828 0.663086 0.480469 0.091797
5 0.842773 0.054688 0.310547 0.109375
7 0.519531 0.055664 0.441406 0.111328
4 0.652344 0.381836 0.253906 0.130859
8 0.900391 0.381836 0.195312 0.130859
11 0.092773 0.832031 0.185547 0.242188
0 0.376953 0.395508 0.253906 0.103516
15 0.113281 0.392578 0.226562 0.097656
1 0.899414 0.519531 0.197266 0.140625
20 0.652344 0.520508 0.253906 0.123047
2 0.383789 0.456055 0.240234 0.001953