14 0.623047 0.521484 0.085938 0.082031
16 0.626953 0.523438 0.093750 0.097656
17 0.022461 0.486328 0.044922 0.003906
6 0.623047 0.429688 0.085938 0.085938
5 0.955078 0.270508 0.085938 0.318359
7 0.022461 0.654297 0.041016 0.011719
4 0.211914 0.712891 0.423828 0.128906
8 0.168945 0.886719 0.337891 0.222656
11 0.668945 0.718750 0.658203 0.132812
0 0.486328 0.520508 0.160156 0.080078
15 0.493164 0.519531 0.146484 0.089844
9 0.486328 0.431641 0.160156 0.082031
12 0.020508 0.053711 0.041016 0.037109
23 0.635742 0.031250 0.447266 0.062500
24 0.020508 0.343750 0.041016 0.050781
1 0.138672 0.360352 0.152344 0.052734
2 0.578125 0.571289 0.199219 0.009766