14 0.549805 0.495117 0.025391 0.056641
15 0.533203 0.495117 0.058594 0.064453
5 0.791992 0.498047 0.126953 0.218750
17 0.749023 0.503906 0.072266 0.218750
6 0.549805 0.431641 0.025391 0.058594
7 0.793945 0.176758 0.126953 0.193359
4 0.675781 0.339844 0.046875 0.171875
8 0.549805 0.370117 0.025391 0.060547
9 0.791992 0.109375 0.130859 0.218750
11 0.084961 0.368164 0.080078 0.060547
12 0.569336 0.566406 0.212891 0.019531
13 0.363281 0.566406 0.203125 0.019531
0 0.606445 0.600586 0.310547 0.044922
22 0.682617 0.885742 0.630859 0.224609
23 0.240234 0.887695 0.347656 0.220703