14 0.711914 0.548828 0.013672 0.003906
15 0.634766 0.548828 0.156250 0.003906
16 0.946289 0.559570 0.001953 0.005859
5 0.580078 0.557617 0.074219 0.009766
17 0.912109 0.573242 0.070312 0.017578
6 0.578125 0.572266 0.105469 0.015625
7 0.611328 0.288086 0.164062 0.044922
4 0.634766 0.229492 0.210938 0.072266
8 0.673828 0.130859 0.296875 0.128906
9 0.633789 0.508789 0.099609 0.044922
11 0.423828 0.417969 0.011719 0.062500
0 0.745117 0.733398 0.505859 0.212891
23 0.431641 0.603516 0.183594 0.042969
18 0.499023 0.507812 0.044922 0.050781