14 0.225586 0.876953 0.451172 0.242188
15 0.591797 0.456055 0.121094 0.111328
16 0.591797 0.456055 0.121094 0.123047
5 0.587891 0.337891 0.113281 0.113281
17 0.290039 0.327148 0.205078 0.087891
6 0.255859 0.669922 0.476562 0.175781
7 0.094727 0.556641 0.158203 0.035156
4 0.261719 0.560547 0.488281 0.042969
8 0.200195 0.528320 0.111328 0.017578
9 0.351562 0.528320 0.320312 0.017578
10 0.141602 0.023438 0.048828 0.046875
11 0.326172 0.023438 0.359375 0.046875
12 0.211914 0.105469 0.103516 0.113281
0 0.695312 0.878906 0.605469 0.238281
23 0.804688 0.414062 0.132812 0.234375