14 0.993164 0.349609 0.009766 0.011719
15 0.167969 0.287109 0.121094 0.148438
16 0.262695 0.451172 0.017578 0.070312
5 0.259766 0.285156 0.015625 0.007812
17 0.970703 0.121094 0.054688 0.066406
6 0.966797 0.186523 0.062500 0.060547
7 0.972656 0.250000 0.050781 0.062500
4 0.037109 0.096680 0.074219 0.193359
8 0.166016 0.154297 0.121094 0.226562
9 0.281250 0.226562 0.058594 0.125000
11 0.120117 0.656250 0.240234 0.128906
12 0.471680 0.700195 0.943359 0.205078
13 0.174805 0.567383 0.228516 0.048828
0 0.587891 0.573242 0.304688 0.056641
1 0.287109 0.537109 0.058594 0.007812
2 0.592773 0.532227 0.185547 0.025391
3 0.426758 0.511719 0.009766 0.003906