14 0.897461 0.524414 0.173828 0.009766
15 0.591797 0.524414 0.101562 0.009766
16 0.904297 0.541992 0.187500 0.021484
5 0.698242 0.541992 0.306641 0.021484
17 0.930664 0.568359 0.134766 0.027344
6 0.749023 0.580078 0.498047 0.050781
7 0.810547 0.186523 0.003906 0.001953
4 0.617188 0.185547 0.242188 0.074219
8 0.958984 0.079102 0.078125 0.068359
9 0.668945 0.078125 0.341797 0.136719
11 0.612305 0.472656 0.115234 0.050781
0 0.353516 0.339844 0.023438 0.117188
23 0.257812 0.759766 0.515625 0.304688
18 0.457031 0.414062 0.054688 0.054688