14 0.230469 0.846680 0.460938 0.302734
15 0.653320 0.847656 0.689453 0.300781
16 0.820312 0.551758 0.007812 0.001953
5 0.841797 0.556641 0.050781 0.003906
17 0.794922 0.395508 0.062500 0.095703
7 0.419922 0.651367 0.175781 0.087891
4 0.655273 0.654297 0.380859 0.093750
8 0.488281 0.590820 0.070312 0.029297
9 0.667969 0.591797 0.316406 0.031250
10 0.505859 0.566406 0.054688 0.015625
11 0.590820 0.566406 0.126953 0.015625
12 0.360352 0.007812 0.294922 0.015625
0 0.374023 0.086914 0.298828 0.162109
23 0.847656 0.568359 0.062500 0.015625