14 0.591797 0.563477 0.066406 0.005859
15 0.506836 0.563477 0.111328 0.005859
16 0.589844 0.572266 0.046875 0.007812
5 0.512695 0.571289 0.115234 0.009766
17 0.731445 0.586914 0.318359 0.017578
7 0.628906 0.314453 0.140625 0.039062
4 0.472656 0.316406 0.175781 0.039062
8 0.681641 0.264648 0.234375 0.060547
9 0.458984 0.266602 0.222656 0.060547
11 0.461914 0.185547 0.244141 0.105469
12 0.548828 0.523438 0.097656 0.042969
0 0.792969 0.614258 0.410156 0.037109
23 0.450195 0.883789 0.900391 0.228516
18 0.209961 0.590820 0.041016 0.005859