14 0.219727 0.529297 0.181641 0.144531
16 0.221680 0.528320 0.177734 0.162109
17 0.217773 0.369141 0.181641 0.156250
6 0.011719 0.335938 0.023438 0.207031
7 0.645508 0.853516 0.705078 0.289062
4 0.624023 0.675781 0.396484 0.062500
8 0.203125 0.852539 0.406250 0.291016
11 0.216797 0.660156 0.433594 0.089844
0 0.731445 0.375000 0.251953 0.117188
15 0.457031 0.382812 0.253906 0.128906
9 0.898438 0.055664 0.199219 0.111328
12 0.647461 0.047852 0.443359 0.095703
23 0.791016 0.604492 0.011719 0.005859
10 0.248047 0.601562 0.246094 0.023438