14 0.041992 0.679688 0.083984 0.039062
16 0.108398 0.008789 0.197266 0.017578
17 0.847656 0.483398 0.042969 0.076172
6 0.839844 0.485352 0.027344 0.083984
5 0.204102 0.467773 0.154297 0.044922
4 0.875000 0.424805 0.097656 0.013672
8 0.190430 0.411133 0.126953 0.044922
11 0.047852 0.396484 0.095703 0.082031
13 0.333984 0.657227 0.667969 0.107422
0 0.425781 0.853516 0.851562 0.289062
15 0.822266 0.657227 0.351562 0.107422
9 0.834961 0.855469 0.326172 0.285156
24 0.800781 0.005859 0.394531 0.011719
1 0.877930 0.308594 0.095703 0.062500
3 0.376953 0.324219 0.160156 0.050781
2 0.729492 0.324219 0.162109 0.054688