14 0.640625 0.683594 0.070312 0.007812
15 0.556641 0.683594 0.105469 0.007812
16 0.644531 0.695312 0.062500 0.011719
5 0.528320 0.694336 0.185547 0.013672
17 0.782227 0.714844 0.314453 0.023438
6 0.565430 0.712891 0.150391 0.023438
7 0.691406 0.437500 0.179688 0.035156
4 0.519531 0.441406 0.167969 0.035156
8 0.710938 0.393555 0.207031 0.056641
9 0.511719 0.397461 0.203125 0.052734
11 0.490234 0.329102 0.277344 0.087891
12 0.590820 0.637695 0.099609 0.044922
0 0.820312 0.750977 0.351562 0.048828
23 0.432617 0.959961 0.865234 0.076172