14 0.625977 0.535156 0.173828 0.015625
15 0.625977 0.561523 0.173828 0.037109
16 0.719727 0.659180 0.517578 0.154297
5 0.749023 0.154297 0.068359 0.027344
17 0.607422 0.107422 0.273438 0.121094
6 0.620117 0.024414 0.302734 0.048828
7 0.600586 0.472656 0.126953 0.058594
4 0.601562 0.471680 0.128906 0.064453
8 0.195312 0.239258 0.062500 0.193359
9 0.281250 0.279297 0.050781 0.191406
11 0.338867 0.535156 0.029297 0.015625
12 0.339844 0.547852 0.023438 0.005859
0 0.229492 0.868164 0.458984 0.259766
18 0.375977 0.105469 0.185547 0.121094