14 0.938477 0.715820 0.119141 0.068359
16 0.873047 0.642578 0.250000 0.074219
17 0.612305 0.821289 0.771484 0.279297
6 0.798828 0.643555 0.148438 0.072266
5 0.875977 0.061523 0.244141 0.123047
7 0.620117 0.062500 0.427734 0.125000
4 0.704102 0.380859 0.244141 0.125000
8 0.922852 0.380859 0.150391 0.125000
11 0.175781 0.819336 0.351562 0.275391
0 0.039062 0.616211 0.078125 0.001953
15 0.441406 0.394531 0.242188 0.101562
20 0.703125 0.513672 0.242188 0.117188
21 0.714844 0.512695 0.226562 0.134766