14 0.246094 0.826172 0.492188 0.343750
15 0.606445 0.461914 0.107422 0.099609
16 0.606445 0.461914 0.107422 0.107422
5 0.595703 0.355469 0.082031 0.101562
17 0.328125 0.356445 0.203125 0.099609
6 0.384766 0.611328 0.269531 0.089844
4 0.380859 0.548828 0.296875 0.031250
8 0.271484 0.524414 0.101562 0.013672
9 0.399414 0.525391 0.271484 0.015625
10 0.125977 0.059570 0.251953 0.119141
11 0.342773 0.057617 0.376953 0.115234
12 0.208984 0.158203 0.230469 0.082031
0 0.695312 0.828125 0.605469 0.339844
18 0.614258 0.150391 0.162109 0.089844