14 0.141602 0.694336 0.283203 0.119141
16 0.106445 0.861328 0.212891 0.210938
17 0.166992 0.015625 0.333984 0.031250
6 0.910156 0.488281 0.093750 0.035156
7 0.291016 0.511719 0.015625 0.078125
8 0.910156 0.452148 0.093750 0.017578
11 0.231445 0.427734 0.158203 0.066406
0 0.584961 0.693359 0.728516 0.117188
15 0.499023 0.874023 0.998047 0.248047
9 0.935547 0.727539 0.125000 0.041016
22 0.592773 0.419922 0.146484 0.078125
23 0.766602 0.490234 0.158203 0.035156
24 0.540039 0.018555 0.427734 0.037109
1 0.867188 0.020508 0.261719 0.041016
3 0.066406 0.321289 0.132812 0.013672
2 0.414062 0.343750 0.164062 0.054688