14 0.315430 0.525391 0.158203 0.136719
16 0.317383 0.524414 0.154297 0.154297
17 0.314453 0.373047 0.156250 0.148438
6 0.083984 0.287109 0.167969 0.296875
5 0.941406 0.630859 0.113281 0.027344
7 0.795898 0.817383 0.404297 0.271484
4 0.753906 0.644531 0.410156 0.074219
8 0.337891 0.819336 0.675781 0.271484
11 0.322266 0.644531 0.468750 0.074219
0 0.795898 0.358398 0.236328 0.052734
15 0.534180 0.385742 0.240234 0.123047
9 0.932617 0.070312 0.130859 0.125000
12 0.771484 0.065430 0.453125 0.130859
23 0.552734 0.599609 0.007812 0.011719
10 0.382812 0.594727 0.296875 0.021484