14 0.983398 0.656250 0.029297 0.019531
16 0.790039 0.854492 0.416016 0.287109
17 0.782227 0.677734 0.431641 0.062500
6 0.941406 0.056641 0.113281 0.105469
5 0.771484 0.055664 0.453125 0.111328
7 0.813477 0.395508 0.251953 0.103516
4 0.984375 0.377930 0.027344 0.099609
8 0.316406 0.853516 0.632812 0.289062
11 0.333008 0.676758 0.423828 0.060547
0 0.537109 0.395508 0.253906 0.103516
15 0.262695 0.392578 0.251953 0.097656
19 0.986328 0.516602 0.023438 0.080078
1 0.811523 0.515625 0.251953 0.078125
21 0.536133 0.529297 0.251953 0.105469