14 0.173828 0.670898 0.343750 0.111328
16 0.111328 0.859375 0.222656 0.265625
17 0.003906 0.042969 0.007812 0.007812
6 0.193359 0.023438 0.386719 0.046875
5 0.955078 0.479492 0.085938 0.048828
4 0.292969 0.491211 0.156250 0.076172
8 0.278320 0.490234 0.130859 0.085938
11 0.957031 0.401367 0.082031 0.083984
15 0.637695 0.675781 0.634766 0.117188
9 0.522461 0.864258 0.951172 0.267578
12 0.946289 0.714844 0.103516 0.039062
22 0.979492 0.748047 0.037109 0.023438
23 0.660156 0.392578 0.121094 0.062500
19 0.818359 0.391602 0.160156 0.060547
1 0.885742 0.017578 0.216797 0.035156
20 0.957031 0.314453 0.082031 0.089844
21 0.291016 0.318359 0.156250 0.085938
3 0.117188 0.311523 0.148438 0.068359
2 0.464844 0.317383 0.160156 0.087891