14 0.077148 0.644531 0.154297 0.062500
16 0.243164 0.669922 0.486328 0.113281
17 0.264648 0.858398 0.529297 0.267578
6 0.074219 0.024414 0.148438 0.048828
5 0.317383 0.023438 0.419922 0.046875
7 0.988281 0.478516 0.019531 0.046875
4 0.355469 0.483398 0.156250 0.060547
8 0.314453 0.449219 0.078125 0.003906
11 0.983398 0.368164 0.005859 0.013672
0 0.184570 0.404297 0.154297 0.082031
15 0.764648 0.673828 0.466797 0.117188
23 0.879883 0.492188 0.162109 0.074219
19 0.879883 0.391602 0.158203 0.060547
24 0.740234 0.020508 0.421875 0.041016
1 0.958984 0.017578 0.078125 0.035156
20 0.989258 0.315430 0.017578 0.087891
21 0.354492 0.310547 0.158203 0.070312
3 0.181641 0.319336 0.152344 0.083984
2 0.528320 0.317383 0.162109 0.087891