14 0.482422 0.613281 0.042969 0.093750
15 0.512695 0.614258 0.099609 0.103516
16 0.011719 0.557617 0.023438 0.361328
5 0.027344 0.363281 0.054688 0.062500
17 0.490234 0.512695 0.031250 0.095703
6 0.025391 0.171875 0.050781 0.343750
7 0.435547 0.565430 0.019531 0.013672
4 0.485352 0.416992 0.041016 0.095703
8 0.235352 0.098633 0.193359 0.197266
9 0.383789 0.255859 0.029297 0.210938
11 0.468750 0.905273 0.804688 0.185547
12 0.863281 0.907227 0.269531 0.181641
13 0.487305 0.767578 0.474609 0.093750
0 0.751953 0.769531 0.195312 0.093750