14 0.901367 0.507812 0.193359 0.007812
15 0.463867 0.313477 0.310547 0.150391
16 0.158203 0.860352 0.316406 0.275391
5 0.540039 0.860352 0.916016 0.275391
17 0.279297 0.655273 0.296875 0.130859
7 0.402344 0.572266 0.117188 0.035156
4 0.558594 0.572266 0.253906 0.035156
8 0.323242 0.050781 0.275391 0.062500
9 0.637695 0.045898 0.365234 0.068359
10 0.806641 0.043945 0.050781 0.064453
11 0.463867 0.159180 0.310547 0.158203
12 0.153320 0.301758 0.306641 0.107422
0 0.152344 0.520508 0.304688 0.041016