14 0.084961 0.436523 0.119141 0.017578
15 0.125977 0.496094 0.201172 0.160156
16 0.086914 0.385742 0.123047 0.080078
5 0.499023 0.867188 0.998047 0.261719
17 0.497070 0.676758 0.517578 0.119141
7 0.484375 0.595703 0.269531 0.039062
4 0.937500 0.787109 0.121094 0.101562
8 0.916016 0.675781 0.164062 0.117188
9 0.732422 0.595703 0.300781 0.039062
11 0.416992 0.071289 0.404297 0.142578
0 0.748047 0.216797 0.042969 0.140625
1 0.581055 0.357422 0.283203 0.136719
2 0.582031 0.215820 0.285156 0.142578
3 0.293945 0.356445 0.287109 0.138672