14 0.583008 0.495117 0.029297 0.060547
15 0.564453 0.494141 0.066406 0.070312
16 0.906250 0.511719 0.171875 0.328125
5 0.897461 0.512695 0.181641 0.330078
17 0.583008 0.426758 0.029297 0.064453
6 0.903320 0.187500 0.162109 0.375000
7 0.749023 0.304688 0.076172 0.222656
4 0.583008 0.364258 0.029297 0.060547
8 0.894531 0.077148 0.144531 0.154297
11 0.373047 0.578125 0.242188 0.027344
12 0.698242 0.629883 0.439453 0.072266
13 0.344727 0.628906 0.287109 0.070312
0 0.709961 0.832031 0.576172 0.332031
22 0.630859 0.025391 0.285156 0.050781
23 0.352539 0.025391 0.271484 0.050781