14 0.752930 0.460938 0.072266 0.035156
16 0.750000 0.440430 0.066406 0.005859
17 0.069336 0.452148 0.138672 0.017578
6 0.746094 0.426758 0.085938 0.021484
5 0.071289 0.386719 0.130859 0.074219
7 0.158203 0.666992 0.316406 0.119141
4 0.142578 0.861328 0.285156 0.273438
8 0.643555 0.664062 0.708984 0.117188
11 0.545898 0.857422 0.904297 0.281250
13 0.882812 0.657227 0.230469 0.107422
0 0.421875 0.391602 0.160156 0.080078
15 0.540039 0.484375 0.041016 0.078125
12 0.606445 0.389648 0.150391 0.072266
23 0.866211 0.003906 0.189453 0.007812
24 0.242188 0.318359 0.167969 0.062500
1 0.601562 0.310547 0.164062 0.082031
2 0.045898 0.584961 0.091797 0.025391