14 0.610352 0.495117 0.021484 0.048828
15 0.594727 0.494141 0.052734 0.054688
16 0.742188 0.494141 0.042969 0.125000
5 0.717773 0.437500 0.013672 0.003906
17 0.610352 0.439453 0.021484 0.050781
6 0.742188 0.282227 0.042969 0.048828
7 0.692383 0.384766 0.021484 0.113281
4 0.983398 0.031250 0.029297 0.062500
8 0.610352 0.385742 0.021484 0.052734
9 0.743164 0.214844 0.044922 0.179688
11 0.852539 0.113281 0.123047 0.226562
12 0.982422 0.014648 0.027344 0.029297
0 0.224609 0.388672 0.097656 0.050781
1 0.611328 0.547852 0.148438 0.009766
2 0.501953 0.546875 0.070312 0.011719