14 0.676758 0.555664 0.263672 0.017578
15 0.393555 0.555664 0.333984 0.017578
16 0.686523 0.589844 0.244141 0.046875
5 0.416992 0.589844 0.380859 0.046875
17 0.803711 0.746094 0.388672 0.261719
6 0.427734 0.747070 0.855469 0.263672
7 0.687500 0.101562 0.285156 0.132812
4 0.394531 0.101562 0.335938 0.132812
8 0.709961 0.016602 0.291016 0.033203
9 0.387695 0.016602 0.357422 0.033203
11 0.521484 0.488281 0.132812 0.058594
12 0.521484 0.487305 0.132812 0.068359
0 0.484375 0.938477 0.968750 0.119141
23 0.041016 0.509766 0.082031 0.003906