14 0.484375 0.614258 0.042969 0.087891
15 0.511719 0.614258 0.097656 0.099609
16 0.046875 0.580078 0.093750 0.488281
5 0.061523 0.573242 0.123047 0.560547
17 0.491211 0.517578 0.033203 0.089844
6 0.059570 0.172852 0.119141 0.345703
4 0.436523 0.595703 0.017578 0.082031
8 0.484375 0.425781 0.042969 0.089844
9 0.260742 0.115234 0.158203 0.230469
11 0.438477 0.375000 0.017578 0.109375
12 0.435547 0.876953 0.871094 0.242188
13 0.848633 0.878906 0.298828 0.238281
0 0.528320 0.728516 0.236328 0.054688
2 0.554688 0.690430 0.156250 0.021484