14 0.185547 0.819336 0.371094 0.357422
15 0.522461 0.818359 0.951172 0.359375
5 0.511719 0.375000 0.195312 0.097656
17 0.398438 0.592773 0.093750 0.044922
7 0.432617 0.556641 0.029297 0.023438
4 0.586914 0.556641 0.142578 0.027344
8 0.482422 0.530273 0.050781 0.001953
9 0.567383 0.536133 0.119141 0.013672
10 0.297852 0.005859 0.333984 0.011719
11 0.318359 0.076172 0.351562 0.152344
12 0.642578 0.073242 0.347656 0.146484
0 0.611328 0.183594 0.230469 0.082031
1 0.972656 0.040039 0.050781 0.052734
2 0.785156 0.175781 0.078125 0.011719
3 0.509766 0.275391 0.199219 0.101562
23 0.342773 0.388672 0.126953 0.070312
19 0.354492 0.270508 0.107422 0.083984
20 0.329102 0.475586 0.158203 0.087891
21 0.386719 0.427734 0.031250 0.003906