14 0.700195 0.521484 0.013672 0.003906
15 0.625977 0.522461 0.162109 0.005859
16 0.932617 0.533203 0.001953 0.003906
5 0.574219 0.531250 0.062500 0.007812
17 0.898438 0.545898 0.070312 0.017578
6 0.568359 0.545898 0.105469 0.017578
7 0.601562 0.260742 0.164062 0.044922
4 0.625000 0.201172 0.210938 0.070312
8 0.666016 0.100586 0.296875 0.130859
9 0.993164 0.498047 0.009766 0.003906
11 0.590820 0.482422 0.037109 0.050781
12 0.412109 0.391602 0.011719 0.064453
0 0.750977 0.577148 0.482422 0.041016
23 0.465820 0.546875 0.095703 0.015625
18 0.488281 0.481445 0.046875 0.044922