14 0.643555 0.586914 0.228516 0.025391
15 0.392578 0.587891 0.300781 0.023438
16 0.772461 0.629883 0.451172 0.056641
5 0.412109 0.630859 0.343750 0.058594
17 0.792969 0.783203 0.410156 0.250000
6 0.405273 0.788086 0.701172 0.255859
7 0.679688 0.162109 0.300781 0.109375
4 0.382812 0.159180 0.324219 0.111328
8 0.746094 0.053711 0.398438 0.107422
9 0.366211 0.052734 0.392578 0.105469
11 0.505859 0.509766 0.128906 0.066406
12 0.878906 0.953125 0.238281 0.089844
0 0.254883 0.583008 0.052734 0.013672
23 0.189453 0.068359 0.042969 0.066406