14 0.753906 0.505859 0.085938 0.011719
15 0.976562 0.686523 0.042969 0.029297
16 0.574219 0.547852 0.253906 0.076172
5 0.887695 0.060547 0.021484 0.011719
17 0.544922 0.208984 0.109375 0.046875
4 0.263672 0.660156 0.527344 0.203125
8 0.083008 0.206055 0.166016 0.189453
11 0.882812 0.064453 0.011719 0.007812
0 0.838867 0.256836 0.095703 0.029297
23 0.474609 0.566406 0.105469 0.042969
19 0.492188 0.538086 0.078125 0.021484
20 0.580078 0.523438 0.093750 0.011719
21 0.524414 0.578125 0.005859 0.003906