14 0.414062 0.494141 0.050781 0.101562
15 0.448242 0.494141 0.107422 0.113281
16 0.424805 0.381836 0.029297 0.107422
5 0.351562 0.440430 0.019531 0.017578
17 0.415039 0.270508 0.048828 0.111328
6 0.275391 0.091797 0.082031 0.183594
7 0.356445 0.244141 0.009766 0.027344
4 0.451172 0.895508 0.902344 0.205078
8 0.870117 0.895508 0.255859 0.205078
9 0.379883 0.708984 0.716797 0.164062
11 0.505859 0.601562 0.203125 0.046875
12 0.785156 0.601562 0.425781 0.046875
13 0.502930 0.564453 0.134766 0.023438
0 0.696289 0.564453 0.287109 0.023438
1 0.449219 0.058594 0.289062 0.117188