14 0.542969 0.495117 0.023438 0.048828
15 0.528320 0.495117 0.052734 0.056641
16 0.688477 0.500000 0.052734 0.132812
5 0.663086 0.436523 0.009766 0.001953
17 0.542969 0.439453 0.023438 0.050781
6 0.688477 0.277344 0.052734 0.062500
7 0.631836 0.380859 0.025391 0.121094
4 0.984375 0.012695 0.027344 0.025391
8 0.543945 0.384766 0.021484 0.054688
9 0.688477 0.204102 0.052734 0.193359
11 0.819336 0.108398 0.154297 0.216797
12 0.006836 0.371094 0.013672 0.031250
13 0.137695 0.384766 0.111328 0.054688
0 0.547852 0.550781 0.154297 0.011719
1 0.434570 0.550781 0.072266 0.011719
2 0.557617 0.570312 0.181641 0.023438
22 0.566406 0.607422 0.214844 0.050781