14 0.127930 0.666992 0.255859 0.107422
16 0.035156 0.743164 0.070312 0.041016
17 0.419922 0.666016 0.687500 0.109375
6 0.499023 0.859375 0.998047 0.277344
5 0.126953 0.009766 0.253906 0.019531
7 0.452148 0.010742 0.412109 0.021484
4 0.385742 0.492188 0.162109 0.078125
8 0.376953 0.491211 0.144531 0.087891
11 0.385742 0.403320 0.162109 0.083984
0 0.869141 0.665039 0.257812 0.107422
15 0.887695 0.815430 0.220703 0.189453
9 0.748047 0.402344 0.128906 0.078125
12 0.959961 0.477539 0.060547 0.048828
22 0.939453 0.429688 0.101562 0.007812
23 0.825195 0.011719 0.345703 0.023438
24 0.561523 0.311523 0.162109 0.013672
1 0.913086 0.331055 0.158203 0.048828
3 0.253906 0.541992 0.175781 0.009766
2 0.205078 0.558594 0.273438 0.019531