14 0.610352 0.578125 0.169922 0.019531
15 0.422852 0.578125 0.232422 0.019531
16 0.740234 0.609375 0.398438 0.039062
5 0.437500 0.610352 0.261719 0.041016
17 0.708984 0.694336 0.273438 0.126953
7 0.666016 0.198242 0.281250 0.087891
4 0.394531 0.196289 0.289062 0.087891
8 0.745117 0.077148 0.408203 0.154297
9 0.357422 0.076172 0.414062 0.152344
11 0.504883 0.509766 0.123047 0.062500
12 0.075195 0.369141 0.111328 0.039062
0 0.425781 0.878906 0.820312 0.238281
23 0.205078 0.195312 0.199219 0.085938
18 0.348633 0.385742 0.044922 0.060547