14 0.419922 0.468750 0.042969 0.089844
15 0.448242 0.468750 0.099609 0.101562
16 0.429688 0.369141 0.027344 0.093750
5 0.368164 0.449219 0.017578 0.085938
17 0.420898 0.270508 0.044922 0.099609
6 0.238281 0.013672 0.011719 0.027344
7 0.312500 0.103516 0.050781 0.203125
4 0.368164 0.207031 0.017578 0.121094
8 0.466797 0.989258 0.933594 0.017578
9 0.961914 0.992188 0.072266 0.011719
11 0.819336 0.798828 0.357422 0.371094
12 0.458984 0.583984 0.257812 0.054688
13 0.647461 0.583984 0.146484 0.054688
0 0.490234 0.543945 0.160156 0.021484
2 0.494141 0.526367 0.113281 0.009766