14 0.867188 0.319336 0.093750 0.044922
15 0.470703 0.343750 0.257812 0.125000
16 0.194336 0.814453 0.388672 0.363281
5 0.533203 0.815430 0.929688 0.365234
17 0.370117 0.600586 0.146484 0.060547
7 0.422852 0.556641 0.083984 0.023438
4 0.541992 0.557617 0.189453 0.021484
8 0.976562 0.267578 0.027344 0.015625
9 0.301758 0.074219 0.326172 0.148438
10 0.635742 0.073242 0.376953 0.146484
11 0.968750 0.587891 0.058594 0.035156
12 0.979492 0.521484 0.037109 0.003906
0 0.467773 0.212891 0.263672 0.132812
19 0.209961 0.516602 0.251953 0.033203
20 0.534180 0.477539 0.130859 0.119141
21 0.534180 0.476562 0.130859 0.136719