14 0.586914 0.449219 0.150391 0.136719
15 0.586914 0.447266 0.150391 0.156250
16 0.586914 0.308594 0.150391 0.136719
5 0.313477 0.310547 0.060547 0.132812
17 0.232422 0.818359 0.464844 0.359375
6 0.022461 0.560547 0.044922 0.011719
7 0.240234 0.595703 0.480469 0.082031
4 0.048828 0.540039 0.082031 0.025391
8 0.280273 0.541016 0.412109 0.027344
9 0.161133 0.046875 0.072266 0.089844
10 0.305664 0.046875 0.361328 0.093750
11 0.694336 0.818359 0.607422 0.359375
12 0.598633 0.596680 0.263672 0.080078
0 0.894531 0.382812 0.171875 0.332031
23 0.019531 0.265625 0.039062 0.019531