14 0.812500 0.506836 0.070312 0.001953
15 0.942383 0.282227 0.060547 0.029297
16 0.464844 0.332031 0.281250 0.136719
5 0.181641 0.830078 0.363281 0.335938
17 0.535156 0.830078 0.925781 0.335938
7 0.575195 0.620117 0.416016 0.083984
4 0.414062 0.562500 0.097656 0.027344
8 0.548828 0.562500 0.214844 0.027344
9 0.310547 0.060547 0.304688 0.121094
10 0.635742 0.059570 0.376953 0.119141
11 0.792969 0.058594 0.082031 0.117188
12 0.464844 0.191406 0.281250 0.144531
0 0.275391 0.193359 0.093750 0.140625
20 0.689453 0.475586 0.164062 0.130859