14 0.617188 0.544922 0.160156 0.011719
15 0.439453 0.544922 0.210938 0.011719
16 0.623047 0.566406 0.148438 0.027344
5 0.453125 0.566406 0.238281 0.027344
17 0.690430 0.624023 0.228516 0.083984
7 0.647461 0.166992 0.224609 0.091797
4 0.410156 0.166016 0.273438 0.093750
8 0.699219 0.059570 0.300781 0.119141
9 0.375000 0.059570 0.378906 0.119141
11 0.981445 0.518555 0.033203 0.001953
12 0.516602 0.488281 0.123047 0.054688
0 0.828125 0.833008 0.339844 0.330078
23 0.358398 0.487305 0.048828 0.060547
18 0.192383 0.013672 0.017578 0.027344