14 0.879883 0.619141 0.173828 0.007812
16 0.886719 0.062500 0.222656 0.125000
17 0.029297 0.472656 0.058594 0.015625
6 0.028320 0.353516 0.056641 0.050781
5 0.929688 0.393555 0.117188 0.099609
7 0.660156 0.817383 0.675781 0.275391
4 0.652344 0.647461 0.402344 0.064453
8 0.205078 0.816406 0.410156 0.273438
11 0.239258 0.646484 0.419922 0.062500
0 0.724609 0.392578 0.242188 0.097656
15 0.458008 0.391602 0.232422 0.091797
20 0.202148 0.507812 0.236328 0.085938
21 0.863281 0.150391 0.257812 0.050781