14 0.869141 0.812500 0.257812 0.191406
16 0.702148 0.642578 0.005859 0.023438
17 0.958984 0.142578 0.078125 0.058594
5 0.850586 0.420898 0.232422 0.115234
7 0.994141 0.421875 0.007812 0.113281
4 0.469727 0.803711 0.939453 0.220703
8 0.449219 0.663086 0.308594 0.060547
11 0.069336 0.772461 0.138672 0.091797
0 0.589844 0.420898 0.226562 0.115234
15 0.339844 0.420898 0.234375 0.115234
19 0.155273 0.625977 0.310547 0.009766
1 0.995117 0.492188 0.005859 0.007812
21 0.865234 0.492188 0.203125 0.007812