14 0.970703 0.399414 0.054688 0.080078
15 0.084961 0.308594 0.126953 0.160156
16 0.183594 0.481445 0.007812 0.072266
17 0.984375 0.076172 0.027344 0.023438
6 0.952148 0.140625 0.091797 0.105469
7 0.935547 0.223633 0.125000 0.060547
4 0.995117 0.252930 0.005859 0.001953
8 0.938477 0.298828 0.119141 0.089844
9 0.083984 0.168945 0.125000 0.228516
11 0.499023 0.923828 0.998047 0.148438
12 0.075195 0.680664 0.150391 0.091797
13 0.460938 0.750977 0.921875 0.228516
0 0.107422 0.605469 0.214844 0.054688
1 0.530273 0.609375 0.318359 0.058594
2 0.260742 0.567383 0.134766 0.017578
3 0.535156 0.565430 0.191406 0.025391