14 0.092773 0.665039 0.185547 0.107422
16 0.043945 0.747070 0.087891 0.052734
17 0.132812 0.011719 0.265625 0.023438
6 0.878906 0.470703 0.082031 0.035156
5 0.910156 0.449219 0.019531 0.003906
7 0.226562 0.491211 0.085938 0.076172
4 0.218750 0.493164 0.070312 0.083984
8 0.879883 0.404297 0.080078 0.082031
11 0.212891 0.403320 0.152344 0.083984
0 0.438477 0.665039 0.689453 0.107422
15 0.499023 0.858398 0.998047 0.279297
9 0.869141 0.664062 0.257812 0.105469
23 0.742188 0.470703 0.160156 0.035156
24 0.829102 0.012695 0.337891 0.025391
1 0.880859 0.333984 0.082031 0.054688
3 0.391602 0.332031 0.162109 0.050781
2 0.744141 0.333984 0.160156 0.054688