16 0.972656 0.105469 0.050781 0.039062
17 0.104492 0.521484 0.189453 0.136719
6 0.057617 0.520508 0.087891 0.154297
5 0.102539 0.370117 0.189453 0.150391
7 0.860352 0.816406 0.275391 0.273438
4 0.804688 0.646484 0.343750 0.062500
8 0.463867 0.816406 0.927734 0.273438
11 0.433594 0.646484 0.394531 0.062500
0 0.145508 0.640625 0.291016 0.074219
15 0.866211 0.395508 0.240234 0.099609
9 0.603516 0.385742 0.242188 0.119141
12 0.340820 0.353516 0.240234 0.054688
23 0.450195 0.062500 0.435547 0.125000
10 0.150391 0.063477 0.300781 0.126953
20 0.341797 0.472656 0.238281 0.015625