14 0.576172 0.525391 0.113281 0.007812
15 0.445312 0.526367 0.160156 0.009766
16 0.581055 0.540039 0.103516 0.017578
5 0.457031 0.541016 0.171875 0.019531
17 0.614258 0.572266 0.134766 0.042969
7 0.618164 0.200195 0.201172 0.068359
4 0.406250 0.199219 0.242188 0.070312
8 0.670898 0.104492 0.283203 0.123047
9 0.375977 0.101562 0.337891 0.125000
11 0.369141 0.020508 0.367188 0.041016
12 0.902344 0.502930 0.070312 0.001953
0 0.501953 0.475586 0.113281 0.056641
23 0.186523 0.526367 0.056641 0.009766
18 0.372070 0.474609 0.013672 0.058594