14 0.073242 0.638672 0.146484 0.058594
16 0.256836 0.666016 0.513672 0.109375
17 0.253906 0.857422 0.507812 0.281250
6 0.735352 0.668945 0.451172 0.111328
5 0.744141 0.860352 0.507812 0.275391
7 0.069336 0.026367 0.138672 0.052734
4 0.304688 0.025391 0.421875 0.050781
8 0.725586 0.022461 0.419922 0.044922
11 0.520508 0.489258 0.158203 0.076172
13 0.513672 0.488281 0.144531 0.085938
0 0.521484 0.402344 0.160156 0.082031
15 0.349609 0.402344 0.156250 0.082031
22 0.980469 0.459961 0.023438 0.005859
23 0.950195 0.019531 0.095703 0.039062
1 0.984375 0.307617 0.027344 0.072266
20 0.242188 0.538086 0.210938 0.009766
3 0.421875 0.538086 0.195312 0.009766
2 0.391602 0.555664 0.255859 0.021484