14 0.541992 0.495117 0.021484 0.048828
15 0.527344 0.495117 0.050781 0.056641
16 0.685547 0.499023 0.050781 0.130859
5 0.663086 0.437500 0.013672 0.003906
17 0.541992 0.440430 0.021484 0.052734
6 0.685547 0.281250 0.050781 0.058594
7 0.630859 0.381836 0.023438 0.119141
4 0.973633 0.023438 0.048828 0.046875
8 0.541992 0.385742 0.021484 0.052734
9 0.685547 0.201172 0.050781 0.203125
11 0.809570 0.110352 0.142578 0.220703
0 0.551758 0.550781 0.158203 0.011719
1 0.435547 0.550781 0.070312 0.011719
2 0.557617 0.569336 0.177734 0.021484
22 0.564453 0.605469 0.207031 0.046875