14 0.227539 0.807617 0.455078 0.380859
15 0.555664 0.457031 0.099609 0.089844
16 0.553711 0.456055 0.095703 0.103516
5 0.550781 0.355469 0.089844 0.093750
17 0.293945 0.354492 0.189453 0.091797
6 0.363281 0.583008 0.226562 0.064453
7 0.367188 0.536133 0.234375 0.025391
4 0.237305 0.512695 0.087891 0.005859
8 0.369141 0.515625 0.238281 0.011719
9 0.926758 0.074219 0.076172 0.148438
10 0.114258 0.063477 0.212891 0.126953
11 0.298828 0.063477 0.371094 0.126953
12 0.166992 0.166992 0.240234 0.076172
0 0.669922 0.807617 0.656250 0.380859
18 0.560547 0.166016 0.148438 0.074219