14 0.590820 0.540039 0.064453 0.005859
15 0.505859 0.540039 0.109375 0.005859
16 0.588867 0.548828 0.048828 0.007812
5 0.511719 0.548828 0.113281 0.007812
17 0.729492 0.563477 0.314453 0.017578
7 0.629883 0.291016 0.142578 0.039062
4 0.473633 0.292969 0.177734 0.039062
8 0.682617 0.240234 0.236328 0.062500
9 0.458008 0.243164 0.224609 0.060547
11 0.460938 0.160156 0.246094 0.105469
12 0.548828 0.500000 0.097656 0.042969
0 0.792969 0.592773 0.410156 0.037109
23 0.458984 0.871094 0.917969 0.253906
18 0.212891 0.567383 0.039062 0.005859