14 0.183594 0.843750 0.367188 0.308594
15 0.545898 0.842773 0.904297 0.310547
5 0.509766 0.422852 0.195312 0.095703
17 0.396484 0.641602 0.093750 0.048828
7 0.430664 0.603516 0.029297 0.023438
4 0.585938 0.604492 0.140625 0.025391
8 0.480469 0.577148 0.050781 0.001953
9 0.561523 0.583008 0.111328 0.013672
10 0.275391 0.035156 0.382812 0.070312
11 0.647461 0.030273 0.380859 0.060547
12 0.320312 0.133789 0.343750 0.142578
0 0.387695 0.239258 0.236328 0.076172
1 0.606445 0.235352 0.224609 0.080078
2 0.965820 0.089844 0.064453 0.070312
3 0.777344 0.228516 0.074219 0.011719
23 0.991211 0.120117 0.013672 0.017578
19 0.004883 0.122070 0.009766 0.009766
20 0.342773 0.436523 0.126953 0.068359
21 0.354492 0.320312 0.107422 0.082031