14 0.046875 0.628906 0.093750 0.031250
16 0.232422 0.670898 0.464844 0.111328
17 0.195312 0.858398 0.390625 0.267578
6 0.041992 0.024414 0.083984 0.048828
5 0.250000 0.023438 0.425781 0.046875
7 0.972656 0.479492 0.050781 0.048828
4 0.326172 0.483398 0.156250 0.060547
8 0.277344 0.449219 0.058594 0.003906
11 0.992188 0.362305 0.011719 0.001953
13 0.326172 0.427734 0.156250 0.035156
0 0.155273 0.404297 0.154297 0.082031
15 0.727539 0.674805 0.541016 0.119141
9 0.653320 0.864258 0.689453 0.267578
12 0.674805 0.384766 0.146484 0.046875
22 0.850586 0.479492 0.162109 0.048828
23 0.845703 0.392578 0.148438 0.062500
19 0.926758 0.017578 0.142578 0.035156
24 0.976562 0.315430 0.042969 0.087891
1 0.326172 0.310547 0.156250 0.070312
20 0.153320 0.319336 0.150391 0.083984
21 0.499023 0.317383 0.162109 0.087891
3 0.852539 0.315430 0.162109 0.087891
2 0.038086 0.539062 0.076172 0.007812