14 0.595703 0.511719 0.085938 0.082031
16 0.599609 0.512695 0.093750 0.095703
17 0.595703 0.420898 0.085938 0.087891
6 0.959961 0.258789 0.076172 0.294922
5 0.024414 0.635742 0.021484 0.005859
7 0.208984 0.688477 0.417969 0.111328
4 0.197266 0.871094 0.394531 0.253906
8 0.697266 0.686523 0.601562 0.111328
11 0.655273 0.869141 0.685547 0.257812
0 0.475586 0.511719 0.123047 0.078125
15 0.475586 0.510742 0.123047 0.087891
9 0.462891 0.422852 0.148438 0.083984
12 0.016602 0.020508 0.033203 0.033203
23 0.641602 0.023438 0.427734 0.046875
24 0.098633 0.321289 0.162109 0.060547
1 0.456055 0.336914 0.162109 0.087891
2 0.589844 0.577148 0.242188 0.021484