14 0.896484 0.633789 0.187500 0.033203
16 0.891602 0.067383 0.212891 0.134766
17 0.033203 0.475586 0.066406 0.013672
6 0.032227 0.358398 0.064453 0.052734
5 0.935547 0.400391 0.125000 0.097656
7 0.702148 0.814453 0.591797 0.265625
4 0.672852 0.648438 0.412109 0.062500
8 0.222656 0.815430 0.445312 0.267578
11 0.259766 0.648438 0.410156 0.062500
0 0.741211 0.395508 0.216797 0.091797
15 0.471680 0.389648 0.240234 0.080078
19 0.935547 0.483398 0.125000 0.029297
24 0.739258 0.505859 0.216797 0.070312
20 0.210938 0.512695 0.238281 0.087891
21 0.869141 0.160156 0.257812 0.050781