14 0.947266 0.612305 0.101562 0.044922
15 0.948242 0.640625 0.099609 0.007812
16 0.466797 0.348633 0.382812 0.181641
5 0.220703 0.859375 0.417969 0.277344
17 0.653320 0.859375 0.689453 0.277344
7 0.618164 0.682617 0.373047 0.072266
4 0.343750 0.035156 0.238281 0.070312
8 0.676758 0.035156 0.431641 0.070312
9 0.971680 0.651367 0.052734 0.009766
10 0.911133 0.034180 0.126953 0.068359
11 0.898438 0.089844 0.035156 0.039062
12 0.464844 0.163086 0.378906 0.185547
0 0.032227 0.059570 0.001953 0.001953