14 0.081055 0.565430 0.037109 0.013672
15 0.668945 0.819336 0.029297 0.060547
16 0.652344 0.818359 0.066406 0.070312
5 0.869141 0.810547 0.089844 0.207031
17 0.850586 0.814453 0.041016 0.203125
6 0.665039 0.751953 0.029297 0.062500
7 0.825195 0.596680 0.041016 0.009766
4 0.773438 0.667969 0.046875 0.152344
8 0.662109 0.690430 0.027344 0.060547
9 0.827148 0.441406 0.087891 0.242188
11 0.934570 0.214844 0.126953 0.429688
12 0.250000 0.695312 0.082031 0.058594
13 0.692383 0.888672 0.212891 0.019531
0 0.447266 0.887695 0.277344 0.017578
22 0.288086 0.962891 0.576172 0.070312