14 0.996094 0.119141 0.003906 0.011719
16 0.134766 0.521484 0.183594 0.136719
17 0.106445 0.520508 0.119141 0.154297
6 0.132812 0.370117 0.187500 0.150391
5 0.891602 0.792969 0.212891 0.226562
7 0.833984 0.646484 0.328125 0.062500
4 0.499023 0.816406 0.998047 0.273438
8 0.469727 0.646484 0.380859 0.062500
11 0.101562 0.784180 0.203125 0.208984
0 0.886719 0.390625 0.222656 0.089844
15 0.630859 0.373047 0.242188 0.093750
9 0.369141 0.355469 0.242188 0.058594
12 0.829102 0.062500 0.337891 0.125000
23 0.167969 0.063477 0.335938 0.126953
10 0.114258 0.590820 0.154297 0.021484