14 0.203125 0.529297 0.183594 0.144531
16 0.206055 0.528320 0.177734 0.162109
17 0.202148 0.369141 0.185547 0.156250
6 0.000977 0.374023 0.001953 0.130859
5 0.616211 0.853516 0.763672 0.289062
7 0.596680 0.666016 0.388672 0.082031
4 0.182617 0.852539 0.365234 0.291016
8 0.207031 0.660156 0.414062 0.089844
11 0.933594 0.370117 0.128906 0.052734
0 0.443359 0.368164 0.253906 0.099609
15 0.890625 0.055664 0.214844 0.111328
9 0.625977 0.047852 0.443359 0.095703
12 0.211914 0.056641 0.423828 0.113281
23 0.224609 0.601562 0.230469 0.023438
10 0.932617 0.489258 0.130859 0.025391