14 0.285156 0.572266 0.167969 0.136719
16 0.285156 0.571289 0.167969 0.154297
17 0.288086 0.423828 0.166016 0.148438
6 0.060547 0.354492 0.121094 0.248047
5 0.859375 0.668945 0.054688 0.021484
7 0.704102 0.856445 0.587891 0.267578
4 0.686523 0.690430 0.400391 0.068359
8 0.239258 0.847656 0.478516 0.257812
11 0.251953 0.687500 0.503906 0.066406
0 0.777344 0.434570 0.246094 0.126953
15 0.511719 0.436523 0.242188 0.123047
9 0.916992 0.088867 0.162109 0.177734
12 0.723633 0.076172 0.470703 0.152344
23 0.903320 0.652344 0.189453 0.007812
10 0.666016 0.651367 0.320312 0.009766