14 0.623047 0.560547 0.191406 0.011719
15 0.461914 0.561523 0.146484 0.009766
16 0.583008 0.578125 0.091797 0.019531
5 0.404297 0.578125 0.296875 0.019531
17 0.610352 0.610352 0.111328 0.041016
7 0.630859 0.262695 0.207031 0.052734
4 0.425781 0.261719 0.218750 0.054688
8 0.684570 0.188477 0.294922 0.091797
9 0.404297 0.187500 0.296875 0.093750
11 0.380859 0.070312 0.394531 0.140625
0 0.510742 0.507812 0.107422 0.054688
23 0.444336 0.884766 0.888672 0.226562
18 0.280273 0.185547 0.060547 0.089844