14 0.311523 0.521484 0.158203 0.136719
16 0.313477 0.520508 0.154297 0.154297
17 0.310547 0.370117 0.160156 0.150391
6 0.080078 0.290039 0.160156 0.287109
5 0.940430 0.625977 0.115234 0.021484
7 0.785156 0.815430 0.425781 0.271484
4 0.740234 0.640625 0.402344 0.074219
8 0.314453 0.814453 0.628906 0.269531
11 0.306641 0.640625 0.464844 0.074219
0 0.789062 0.353516 0.230469 0.054688
15 0.531250 0.382812 0.242188 0.125000
9 0.932617 0.062500 0.130859 0.125000
12 0.763672 0.063477 0.449219 0.126953
23 0.537109 0.595703 0.003906 0.011719
10 0.383789 0.590820 0.306641 0.021484