14 0.086914 0.658203 0.173828 0.105469
16 0.037109 0.733398 0.074219 0.041016
17 0.129883 0.008789 0.259766 0.017578
6 0.892578 0.485352 0.097656 0.076172
5 0.918945 0.485352 0.033203 0.087891
7 0.230469 0.448242 0.085938 0.001953
4 0.893555 0.430664 0.095703 0.017578
8 0.223633 0.396484 0.126953 0.078125
11 0.062500 0.430664 0.125000 0.017578
0 0.499023 0.855469 0.998047 0.285156
15 0.863281 0.659180 0.269531 0.107422
9 0.884766 0.819336 0.226562 0.208984
23 0.776367 0.393555 0.103516 0.072266
24 0.895508 0.317383 0.099609 0.072266
1 0.228516 0.319336 0.140625 0.072266
3 0.749023 0.328125 0.162109 0.054688
2 0.537109 0.538086 0.003906 0.005859