14 0.103516 0.860352 0.207031 0.275391
15 0.521484 0.861328 0.953125 0.273438
16 0.833984 0.499023 0.046875 0.017578
5 0.833984 0.510742 0.046875 0.005859
17 0.760742 0.348633 0.052734 0.025391
7 0.258789 0.646484 0.224609 0.148438
4 0.594727 0.649414 0.591797 0.154297
8 0.407227 0.550781 0.107422 0.039062
9 0.569336 0.550781 0.216797 0.039062
10 0.446289 0.521484 0.060547 0.015625
11 0.542969 0.522461 0.156250 0.017578
12 0.314453 0.022461 0.289062 0.044922
0 0.341797 0.101562 0.269531 0.113281
1 0.625977 0.097656 0.326172 0.117188
2 0.850586 0.545898 0.080078 0.025391
3 0.835938 0.522461 0.050781 0.017578
23 0.758789 0.092773 0.068359 0.107422
19 0.478516 0.217773 0.234375 0.119141
20 0.117188 0.129883 0.085938 0.060547
21 0.289062 0.344727 0.128906 0.091797