14 0.964844 0.621094 0.066406 0.023438
16 0.829102 0.848633 0.337891 0.298828
17 0.799805 0.653320 0.396484 0.087891
6 0.426758 0.848633 0.853516 0.298828
5 0.416992 0.652344 0.482422 0.089844
7 0.968750 0.083984 0.058594 0.046875
4 0.800781 0.053711 0.394531 0.107422
8 0.414062 0.053711 0.437500 0.107422
11 0.590820 0.375977 0.240234 0.130859
0 0.021484 0.759766 0.042969 0.054688
15 0.135742 0.653320 0.173828 0.037109
19 0.535156 0.594727 0.128906 0.025391
20 0.589844 0.511719 0.238281 0.121094
21 0.592773 0.511719 0.236328 0.136719
2 0.333008 0.446289 0.208984 0.005859