14 0.882812 0.568359 0.164062 0.007812
15 0.606445 0.567383 0.091797 0.009766
16 0.878906 0.583008 0.156250 0.017578
5 0.691406 0.582031 0.285156 0.015625
17 0.926758 0.606445 0.142578 0.029297
6 0.761719 0.612305 0.472656 0.041016
7 0.862305 0.230469 0.021484 0.019531
4 0.632812 0.253906 0.218750 0.062500
8 0.877930 0.214844 0.009766 0.007812
9 0.674805 0.166016 0.302734 0.113281
11 0.635742 0.518555 0.111328 0.048828
0 0.762695 0.712891 0.470703 0.160156
23 0.328125 0.709961 0.406250 0.158203
18 0.487305 0.461914 0.052734 0.052734