14 0.085938 0.539062 0.039062 0.011719
15 0.672852 0.790039 0.029297 0.060547
16 0.654297 0.789062 0.066406 0.070312
5 0.872070 0.781250 0.091797 0.203125
17 0.852539 0.784180 0.037109 0.197266
6 0.667969 0.723633 0.027344 0.060547
7 0.830078 0.569336 0.039062 0.009766
4 0.777344 0.639648 0.046875 0.150391
8 0.664062 0.662109 0.027344 0.058594
9 0.833008 0.413086 0.087891 0.244141
11 0.938477 0.201172 0.119141 0.402344
12 0.255859 0.667969 0.082031 0.058594
13 0.694336 0.858398 0.212891 0.017578
0 0.452148 0.856445 0.275391 0.017578
22 0.290039 0.942383 0.580078 0.095703