14 0.223633 0.852539 0.447266 0.291016
15 0.562500 0.509766 0.105469 0.097656
16 0.560547 0.508789 0.105469 0.107422
5 0.549805 0.403320 0.080078 0.099609
17 0.281250 0.404297 0.207031 0.097656
6 0.336914 0.660156 0.275391 0.089844
7 0.191406 0.583984 0.019531 0.003906
4 0.333008 0.597656 0.302734 0.031250
8 0.223633 0.572266 0.107422 0.015625
9 0.351562 0.572266 0.277344 0.015625
10 0.061523 0.000977 0.013672 0.001953
11 0.273438 0.000977 0.406250 0.001953
12 0.104492 0.083984 0.208984 0.160156
0 0.162109 0.207031 0.234375 0.082031
18 0.644531 0.496094 0.023438 0.105469