14 0.213867 0.867188 0.427734 0.261719
15 0.650391 0.869141 0.695312 0.257812
16 0.882812 0.520508 0.113281 0.025391
5 0.880859 0.536133 0.109375 0.009766
17 0.869141 0.360352 0.144531 0.056641
7 0.250977 0.664062 0.498047 0.148438
4 0.714844 0.670898 0.566406 0.154297
8 0.285156 0.573242 0.468750 0.037109
9 0.739258 0.575195 0.470703 0.041016
10 0.498047 0.543945 0.062500 0.017578
11 0.680664 0.544922 0.318359 0.019531
12 0.399414 0.050781 0.240234 0.066406
0 0.422852 0.132812 0.212891 0.109375
23 0.835938 0.123047 0.132812 0.113281