14 0.487305 0.511719 0.083984 0.082031
16 0.490234 0.513672 0.089844 0.093750
17 0.487305 0.421875 0.083984 0.085938
6 0.855469 0.203125 0.285156 0.406250
5 0.127930 0.693359 0.255859 0.117188
7 0.058594 0.798828 0.117188 0.097656
4 0.468750 0.688477 0.695312 0.119141
8 0.499023 0.865234 0.998047 0.265625
11 0.171875 0.414062 0.156250 0.070312
0 0.348633 0.511719 0.166016 0.089844
15 0.348633 0.421875 0.166016 0.085938
9 0.127930 0.017578 0.255859 0.035156
12 0.459961 0.026367 0.427734 0.052734
1 0.276367 0.578125 0.119141 0.019531
2 0.451172 0.610352 0.382812 0.044922