14 0.082031 0.643555 0.164062 0.068359
16 0.270508 0.666016 0.541016 0.109375
17 0.279297 0.857422 0.558594 0.281250
6 0.761719 0.668945 0.453125 0.111328
5 0.770508 0.860352 0.455078 0.275391
7 0.080078 0.026367 0.160156 0.052734
4 0.326172 0.025391 0.417969 0.050781
8 0.747070 0.022461 0.419922 0.044922
11 0.530273 0.489258 0.158203 0.076172
13 0.522461 0.488281 0.142578 0.085938
0 0.530273 0.402344 0.158203 0.082031
15 0.358398 0.402344 0.158203 0.082031
22 0.959961 0.019531 0.076172 0.039062
23 0.530273 0.316406 0.158203 0.085938
1 0.250977 0.538086 0.208984 0.009766
20 0.179688 0.554688 0.296875 0.023438
3 0.404297 0.555664 0.253906 0.021484
2 0.627930 0.538086 0.193359 0.009766