14 0.544922 0.496094 0.023438 0.050781
15 0.529297 0.494141 0.054688 0.058594
16 0.171875 0.490234 0.019531 0.039062
5 0.170898 0.467773 0.017578 0.001953
17 0.711914 0.498047 0.068359 0.148438
6 0.686523 0.500977 0.021484 0.150391
7 0.544922 0.437500 0.023438 0.054688
4 0.711914 0.270508 0.068359 0.111328
8 0.640625 0.374023 0.023438 0.126953
9 0.544922 0.380859 0.023438 0.054688
11 0.640625 0.259766 0.023438 0.148438
12 0.860352 0.086914 0.162109 0.173828
13 0.124023 0.379883 0.115234 0.056641
0 0.556641 0.555664 0.175781 0.013672
2 0.572266 0.577148 0.214844 0.025391
22 0.580078 0.625000 0.253906 0.066406