14 0.698242 0.596680 0.330078 0.033203
15 0.369141 0.598633 0.363281 0.033203
16 0.705078 0.657227 0.300781 0.083984
5 0.359375 0.659180 0.496094 0.087891
17 0.804688 0.849609 0.386719 0.296875
6 0.402344 0.849609 0.804688 0.296875
7 0.711914 0.115234 0.361328 0.140625
4 0.370117 0.112305 0.361328 0.142578
8 0.745117 0.023438 0.384766 0.046875
9 0.351562 0.021484 0.414062 0.042969
11 0.505859 0.507812 0.136719 0.070312
12 0.203125 0.598633 0.113281 0.033203
0 0.317383 0.508789 0.076172 0.064453
23 0.991211 0.365234 0.013672 0.015625