14 0.440430 0.530273 0.044922 0.095703
15 0.471680 0.530273 0.099609 0.107422
16 0.452148 0.425781 0.025391 0.097656
5 0.389648 0.480469 0.021484 0.015625
17 0.442383 0.324219 0.044922 0.101562
6 0.244141 0.027344 0.031250 0.054688
7 0.331055 0.129883 0.052734 0.251953
4 0.393555 0.261719 0.013672 0.128906
8 0.448242 0.874023 0.896484 0.248047
9 0.851562 0.875977 0.292969 0.244141
11 0.723633 0.698242 0.212891 0.107422
12 0.523438 0.624023 0.179688 0.037109
13 0.779297 0.624023 0.386719 0.037109
0 0.521484 0.594727 0.121094 0.017578