14 0.088867 0.650391 0.177734 0.074219
16 0.263672 0.669922 0.527344 0.113281
17 0.301758 0.860352 0.603516 0.271484
6 0.083984 0.024414 0.167969 0.048828
5 0.339844 0.023438 0.417969 0.046875
7 0.993164 0.477539 0.009766 0.044922
4 0.365234 0.483398 0.156250 0.060547
8 0.326172 0.449219 0.082031 0.003906
0 0.192383 0.404297 0.154297 0.082031
15 0.780273 0.673828 0.435547 0.117188
9 0.785156 0.864258 0.425781 0.267578
22 0.732422 0.384766 0.035156 0.046875
23 0.888672 0.476562 0.160156 0.042969
19 0.762695 0.020508 0.423828 0.041016
24 0.969727 0.017578 0.056641 0.035156
1 0.996094 0.346680 0.003906 0.017578
20 0.363281 0.310547 0.156250 0.070312
21 0.191406 0.319336 0.152344 0.083984
3 0.537109 0.316406 0.160156 0.085938
2 0.890625 0.315430 0.164062 0.087891