14 0.867188 0.813477 0.261719 0.193359
16 0.700195 0.647461 0.001953 0.013672
17 0.959961 0.141602 0.076172 0.060547
5 0.850586 0.420898 0.232422 0.115234
7 0.994141 0.421875 0.007812 0.113281
4 0.465820 0.803711 0.931641 0.220703
8 0.446289 0.663086 0.306641 0.060547
11 0.080078 0.765625 0.160156 0.097656
0 0.587891 0.420898 0.226562 0.115234
15 0.339844 0.420898 0.234375 0.115234
19 0.153320 0.625977 0.306641 0.009766
1 0.995117 0.492188 0.005859 0.007812
21 0.865234 0.492188 0.203125 0.007812