14 0.224609 0.818359 0.449219 0.359375
15 0.623047 0.819336 0.750000 0.357422
16 0.801758 0.505859 0.095703 0.015625
5 0.786133 0.517578 0.064453 0.003906
17 0.772461 0.387695 0.052734 0.029297
7 0.409180 0.601562 0.166016 0.074219
4 0.631836 0.603516 0.357422 0.078125
8 0.474609 0.548828 0.070312 0.027344
9 0.594727 0.549805 0.197266 0.029297
10 0.494141 0.526367 0.046875 0.013672
11 0.645508 0.527344 0.267578 0.015625
12 0.371094 0.063477 0.277344 0.126953
0 0.417969 0.166992 0.199219 0.083984
23 0.825195 0.161133 0.166016 0.083984