14 0.546875 0.495117 0.023438 0.052734
15 0.530273 0.495117 0.056641 0.060547
16 0.118164 0.470703 0.087891 0.003906
5 0.118164 0.465820 0.087891 0.001953
17 0.736328 0.497070 0.085938 0.169922
6 0.708008 0.502930 0.033203 0.173828
7 0.546875 0.435547 0.023438 0.054688
4 0.736328 0.240234 0.085938 0.136719
8 0.654297 0.360352 0.035156 0.146484
9 0.546875 0.376953 0.023438 0.058594
11 0.654297 0.247070 0.035156 0.150391
12 0.877930 0.063477 0.119141 0.126953
13 0.122070 0.375000 0.095703 0.058594
0 0.559570 0.558594 0.185547 0.015625
22 0.595703 0.645508 0.304688 0.087891