14 0.416016 0.455078 0.042969 0.089844
15 0.444336 0.454102 0.099609 0.099609
16 0.425781 0.355469 0.027344 0.093750
5 0.366211 0.436523 0.017578 0.080078
17 0.416992 0.256836 0.044922 0.099609
6 0.238281 0.010742 0.007812 0.013672
7 0.312500 0.118164 0.042969 0.150391
4 0.367188 0.193359 0.011719 0.121094
8 0.468750 0.964844 0.937500 0.066406
9 0.942383 0.965820 0.111328 0.064453
11 0.815430 0.764648 0.365234 0.333984
12 0.457031 0.568359 0.246094 0.054688
13 0.643555 0.568359 0.150391 0.054688
0 0.486328 0.529297 0.156250 0.019531
2 0.490234 0.511719 0.113281 0.011719