14 0.181641 0.842773 0.363281 0.310547
15 0.541992 0.841797 0.912109 0.312500
5 0.504883 0.420898 0.193359 0.095703
17 0.391602 0.638672 0.095703 0.046875
7 0.426758 0.601562 0.029297 0.023438
4 0.582031 0.602539 0.140625 0.025391
8 0.476562 0.575195 0.050781 0.001953
9 0.557617 0.581055 0.111328 0.013672
11 0.271484 0.033203 0.378906 0.066406
12 0.642578 0.028320 0.378906 0.056641
0 0.634766 0.123047 0.343750 0.148438
1 0.381836 0.237305 0.236328 0.076172
2 0.602539 0.233398 0.224609 0.080078
3 0.963867 0.085938 0.068359 0.074219
23 0.503906 0.323242 0.195312 0.099609
19 0.988281 0.116211 0.019531 0.021484
20 0.002930 0.120117 0.005859 0.005859
21 0.337891 0.434570 0.125000 0.068359