14 0.543945 0.496094 0.021484 0.050781
15 0.528320 0.495117 0.052734 0.056641
16 0.703125 0.497070 0.062500 0.142578
5 0.678711 0.500977 0.013672 0.142578
17 0.543945 0.438477 0.021484 0.052734
6 0.703125 0.279297 0.062500 0.109375
7 0.634766 0.378906 0.019531 0.121094
4 0.543945 0.381836 0.021484 0.056641
8 0.703125 0.179688 0.062500 0.218750
9 0.635742 0.265625 0.021484 0.144531
11 0.136719 0.380859 0.097656 0.054688
12 0.554688 0.553711 0.167969 0.013672
13 0.409180 0.553711 0.123047 0.013672
0 0.568359 0.575195 0.207031 0.025391
2 0.576172 0.619141 0.242188 0.058594
22 0.703125 0.786133 0.589844 0.271484
23 0.227539 0.788086 0.451172 0.275391