14 0.712891 0.498047 0.039062 0.027344
15 0.699219 0.516602 0.011719 0.005859
16 0.767578 0.309570 0.019531 0.005859
5 0.349609 0.276367 0.324219 0.162109
17 0.131836 0.864258 0.263672 0.267578
7 0.201172 0.651367 0.265625 0.166016
4 0.631836 0.646484 0.732422 0.164062
8 0.297852 0.546875 0.111328 0.042969
9 0.427734 0.544922 0.179688 0.042969
10 0.231445 0.013672 0.236328 0.027344
11 0.526367 0.023438 0.353516 0.046875
12 0.975586 0.583008 0.044922 0.044922
0 0.957031 0.521484 0.003906 0.011719