14 0.589844 0.488281 0.019531 0.042969
15 0.576172 0.488281 0.046875 0.050781
16 0.683594 0.488281 0.023438 0.093750
5 0.589844 0.437500 0.019531 0.046875
17 0.683594 0.337891 0.023438 0.062500
6 0.650391 0.379883 0.007812 0.009766
7 0.890625 0.096680 0.160156 0.193359
4 0.589844 0.387695 0.019531 0.048828
8 0.683594 0.268555 0.023438 0.126953
11 0.885742 0.086914 0.150391 0.173828
12 0.254883 0.389648 0.009766 0.001953
13 0.584961 0.533203 0.126953 0.007812
0 0.454102 0.533203 0.138672 0.007812
2 0.434570 0.545898 0.169922 0.013672