14 0.086914 0.651367 0.173828 0.076172
16 0.313477 0.667969 0.626953 0.109375
17 0.390625 0.860352 0.781250 0.275391
6 0.783203 0.666992 0.429688 0.107422
5 0.813477 0.860352 0.369141 0.275391
7 0.083984 0.008789 0.167969 0.017578
4 0.364258 0.009766 0.412109 0.019531
8 0.776367 0.010742 0.416016 0.021484
11 0.524414 0.492188 0.162109 0.078125
13 0.516602 0.492188 0.146484 0.089844
0 0.524414 0.404297 0.162109 0.082031
15 0.348633 0.404297 0.162109 0.082031
22 0.980469 0.011719 0.035156 0.023438
23 0.524414 0.317383 0.162109 0.087891
1 0.236328 0.542969 0.218750 0.007812
3 0.408203 0.559570 0.265625 0.021484
2 0.628906 0.542969 0.203125 0.007812