14 0.555664 0.511719 0.083984 0.082031
16 0.558594 0.512695 0.089844 0.095703
17 0.555664 0.420898 0.083984 0.087891
6 0.905273 0.202148 0.185547 0.404297
5 0.171875 0.688477 0.343750 0.111328
7 0.118164 0.867188 0.236328 0.246094
4 0.587891 0.686523 0.695312 0.111328
8 0.499023 0.868164 0.998047 0.259766
11 0.250977 0.416016 0.142578 0.070312
0 0.417969 0.510742 0.164062 0.087891
15 0.417969 0.422852 0.164062 0.083984
9 0.172852 0.021484 0.345703 0.042969
12 0.547852 0.023438 0.427734 0.046875
23 0.896484 0.083008 0.167969 0.166016
1 0.344727 0.578125 0.095703 0.019531
2 0.189453 0.613281 0.378906 0.035156