14 0.031250 0.676758 0.062500 0.029297
16 0.093750 0.005859 0.187500 0.011719
17 0.828125 0.483398 0.042969 0.076172
6 0.185547 0.457031 0.156250 0.023438
7 0.854492 0.424805 0.095703 0.013672
4 0.170898 0.410156 0.130859 0.046875
8 0.037109 0.395508 0.074219 0.083984
11 0.325195 0.656250 0.650391 0.105469
13 0.416992 0.854492 0.833984 0.287109
0 0.813477 0.656250 0.369141 0.105469
15 0.825195 0.854492 0.345703 0.287109
24 0.989258 0.006836 0.017578 0.013672
1 0.857422 0.309570 0.093750 0.060547
2 0.711914 0.326172 0.162109 0.054688