14 0.221680 0.866211 0.443359 0.263672
15 0.659180 0.867188 0.677734 0.261719
16 0.843750 0.566406 0.027344 0.003906
5 0.810547 0.428711 0.097656 0.041016
17 0.528320 0.403320 0.205078 0.103516
7 0.666016 0.683594 0.441406 0.117188
4 0.333984 0.605469 0.359375 0.035156
8 0.689453 0.606445 0.382812 0.037109
9 0.497070 0.578125 0.048828 0.015625
10 0.587891 0.579102 0.144531 0.017578
11 0.358398 0.080078 0.310547 0.160156
12 0.705078 0.077148 0.410156 0.154297
0 0.622070 0.198242 0.212891 0.091797
23 0.781250 0.291992 0.042969 0.099609