14 0.222656 0.521484 0.171875 0.136719
16 0.223633 0.520508 0.169922 0.154297
17 0.219727 0.370117 0.173828 0.150391
6 0.019531 0.333008 0.039062 0.201172
5 0.983398 0.726562 0.029297 0.019531
7 0.886719 0.616211 0.222656 0.001953
4 0.633789 0.815430 0.728516 0.271484
8 0.598633 0.646484 0.357422 0.062500
11 0.198242 0.814453 0.396484 0.269531
0 0.923828 0.370117 0.136719 0.048828
15 0.710938 0.375977 0.242188 0.111328
9 0.449219 0.382812 0.242188 0.125000
12 0.881836 0.062500 0.232422 0.125000
23 0.216797 0.063477 0.433594 0.126953
10 0.235352 0.590820 0.208984 0.021484