14 0.036133 0.626953 0.072266 0.027344
16 0.238281 0.666016 0.476562 0.109375
17 0.234375 0.859375 0.468750 0.277344
6 0.040039 0.009766 0.080078 0.019531
5 0.270508 0.010742 0.412109 0.021484
7 0.963867 0.470703 0.068359 0.035156
4 0.268555 0.475586 0.083984 0.044922
8 0.262695 0.449219 0.076172 0.003906
11 0.963867 0.429688 0.068359 0.003906
0 0.129883 0.403320 0.162109 0.083984
15 0.735352 0.665039 0.525391 0.107422
23 0.894531 0.490234 0.035156 0.074219
24 0.934570 0.012695 0.126953 0.025391
1 0.965820 0.324219 0.064453 0.035156
3 0.483398 0.333008 0.162109 0.056641
2 0.834961 0.325195 0.158203 0.072266