14 0.586914 0.452148 0.146484 0.134766
15 0.586914 0.449219 0.146484 0.152344
16 0.585938 0.314453 0.144531 0.132812
5 0.211914 0.314453 0.275391 0.132812
17 0.234375 0.814453 0.468750 0.367188
6 0.036133 0.561523 0.072266 0.013672
7 0.242188 0.591797 0.484375 0.074219
4 0.057617 0.540039 0.115234 0.025391
8 0.287109 0.540039 0.406250 0.025391
9 0.103516 0.051758 0.207031 0.103516
10 0.307617 0.051758 0.365234 0.103516
11 0.696289 0.814453 0.603516 0.367188
12 0.593750 0.591797 0.246094 0.074219
0 0.904297 0.379883 0.187500 0.337891
23 0.706055 0.004883 0.025391 0.009766