14 0.909180 0.780273 0.177734 0.138672
16 0.849609 0.664062 0.296875 0.093750
17 0.507812 0.854492 0.980469 0.287109
6 0.578125 0.663086 0.476562 0.091797
5 0.851562 0.054688 0.292969 0.109375
7 0.541992 0.055664 0.443359 0.111328
4 0.666992 0.381836 0.255859 0.130859
8 0.908203 0.381836 0.179688 0.130859
11 0.110352 0.854492 0.220703 0.287109
0 0.392578 0.395508 0.253906 0.103516
15 0.122070 0.389648 0.236328 0.091797
1 0.907227 0.519531 0.181641 0.140625
20 0.666016 0.520508 0.253906 0.123047
2 0.399414 0.455078 0.240234 0.003906