14 0.757812 0.498047 0.050781 0.027344
15 0.738281 0.516602 0.011719 0.005859
16 0.807617 0.307617 0.017578 0.005859
5 0.388672 0.277344 0.320312 0.160156
17 0.150391 0.862305 0.300781 0.271484
7 0.251953 0.647461 0.238281 0.162109
4 0.594727 0.644531 0.580078 0.160156
8 0.335938 0.544922 0.109375 0.042969
9 0.500000 0.542969 0.250000 0.042969
10 0.269531 0.015625 0.234375 0.031250
11 0.563477 0.021484 0.353516 0.042969
12 0.759766 0.022461 0.097656 0.044922
0 0.386719 0.115234 0.324219 0.171875