14 0.949219 0.402344 0.082031 0.078125
15 0.049805 0.337891 0.099609 0.085938
5 0.985352 0.115234 0.025391 0.125000
17 0.985352 0.196289 0.025391 0.033203
6 0.980469 0.269531 0.019531 0.039062
7 0.061523 0.164062 0.072266 0.152344
4 0.015625 0.694336 0.031250 0.048828
8 0.499023 0.834961 0.998047 0.326172
9 0.065430 0.634766 0.130859 0.066406
11 0.298828 0.566406 0.019531 0.007812
12 0.520508 0.578125 0.212891 0.031250
0 0.516602 0.552734 0.150391 0.015625
1 0.944336 0.804688 0.107422 0.261719
2 0.825195 0.633789 0.345703 0.076172
3 0.765625 0.578125 0.128906 0.031250