14 0.717773 0.636719 0.083984 0.011719
15 0.963867 0.820312 0.068359 0.050781
16 0.550781 0.681641 0.250000 0.078125
5 0.906250 0.178711 0.183594 0.091797
17 0.888672 0.072266 0.218750 0.144531
4 0.651367 0.364258 0.119141 0.025391
8 0.511719 0.911133 0.972656 0.173828
11 0.820312 0.224609 0.011719 0.003906
0 0.054688 0.136719 0.015625 0.070312
23 0.946289 0.419922 0.009766 0.003906
19 0.867188 0.091797 0.261719 0.105469
20 0.946289 0.083984 0.103516 0.046875
21 0.996094 0.047852 0.003906 0.025391