14 0.074219 0.881836 0.148438 0.232422
15 0.526367 0.882812 0.943359 0.230469
16 0.860352 0.513672 0.060547 0.023438
5 0.858398 0.527344 0.056641 0.007812
17 0.818359 0.333984 0.144531 0.070312
7 0.189453 0.677734 0.328125 0.175781
4 0.609375 0.682617 0.671875 0.181641
8 0.404297 0.567383 0.109375 0.041016
9 0.548828 0.568359 0.187500 0.042969
10 0.445312 0.536133 0.062500 0.017578
11 0.543945 0.537109 0.162109 0.019531
12 0.309570 0.025391 0.298828 0.050781
0 0.338867 0.108398 0.275391 0.119141
1 0.627930 0.104492 0.333984 0.123047
2 0.886719 0.566406 0.113281 0.035156
3 0.864258 0.538086 0.068359 0.017578
23 0.765625 0.095703 0.066406 0.105469
19 0.483398 0.226562 0.228516 0.121094
20 0.083008 0.111328 0.123047 0.093750
21 0.277344 0.353516 0.144531 0.097656