14 0.158203 0.525391 0.179688 0.136719
16 0.161133 0.524414 0.177734 0.154297
17 0.157227 0.373047 0.181641 0.148438
6 0.922852 0.753906 0.150391 0.144531
5 0.848633 0.648438 0.298828 0.062500
7 0.529297 0.817383 0.937500 0.271484
4 0.516602 0.648438 0.361328 0.062500
8 0.135742 0.818359 0.271484 0.269531
11 0.179688 0.644531 0.359375 0.074219
0 0.651367 0.382812 0.240234 0.101562
15 0.390625 0.358398 0.242188 0.052734
9 0.842773 0.066406 0.310547 0.132812
12 0.541992 0.066406 0.439453 0.132812
10 0.160156 0.594727 0.191406 0.021484