14 0.134766 0.668945 0.269531 0.111328
16 0.042969 0.752930 0.085938 0.052734
17 0.443359 0.668945 0.703125 0.111328
6 0.499023 0.860352 0.998047 0.275391
5 0.830078 0.666992 0.335938 0.107422
7 0.898438 0.802734 0.199219 0.160156
4 0.132812 0.008789 0.265625 0.017578
8 0.463867 0.009766 0.412109 0.019531
11 0.831055 0.010742 0.333984 0.021484
13 0.567383 0.492188 0.162109 0.078125
0 0.559570 0.492188 0.146484 0.089844
15 0.567383 0.404297 0.162109 0.082031
22 0.567383 0.317383 0.162109 0.087891
23 0.390625 0.317383 0.164062 0.087891
1 0.477539 0.542969 0.201172 0.007812
3 0.691406 0.558594 0.218750 0.019531
2 0.843750 0.542969 0.171875 0.007812