14 0.834961 0.545898 0.080078 0.029297
15 0.814453 0.565430 0.039062 0.005859
16 0.916016 0.329102 0.019531 0.009766
5 0.440430 0.318359 0.326172 0.160156
17 0.160156 0.910156 0.320312 0.175781
7 0.254883 0.720703 0.322266 0.203125
4 0.660156 0.719727 0.675781 0.201172
8 0.379883 0.594727 0.119141 0.044922
9 0.518555 0.593750 0.197266 0.046875
10 0.306641 0.037109 0.265625 0.070312
11 0.618164 0.040039 0.365234 0.072266
12 0.826172 0.572266 0.015625 0.003906
0 0.812500 0.154297 0.031250 0.152344