14 0.390625 0.586914 0.207031 0.013672
15 0.407227 0.605469 0.240234 0.023438
16 0.057617 0.611328 0.013672 0.003906
5 0.417969 0.646484 0.335938 0.058594
17 0.375000 0.261719 0.242188 0.070312
6 0.235352 0.257812 0.091797 0.066406
7 0.360352 0.171875 0.333984 0.125000
4 0.128906 0.165039 0.246094 0.119141
8 0.361328 0.061523 0.406250 0.123047
9 0.125000 0.071289 0.132812 0.072266
11 0.340820 0.529297 0.103516 0.058594
0 0.499023 0.950195 0.998047 0.095703
1 0.192383 0.448242 0.029297 0.009766
2 0.736328 0.430664 0.019531 0.033203