14 0.591797 0.532227 0.132812 0.009766
15 0.440430 0.532227 0.181641 0.009766
16 0.596680 0.549805 0.123047 0.021484
5 0.452148 0.549805 0.205078 0.021484
17 0.642578 0.590820 0.167969 0.056641
7 0.625977 0.182617 0.205078 0.080078
4 0.408203 0.180664 0.250000 0.080078
8 0.684570 0.071289 0.298828 0.142578
9 0.368164 0.070312 0.373047 0.140625
11 0.927734 0.508789 0.082031 0.001953
12 0.505859 0.479492 0.117188 0.052734
0 0.805664 0.809570 0.384766 0.376953
23 0.345703 0.479492 0.062500 0.052734
18 0.126953 0.535156 0.050781 0.011719