14 0.451172 0.547852 0.042969 0.091797
15 0.498047 0.547852 0.062500 0.103516
16 0.002930 0.301758 0.005859 0.041016
5 0.458008 0.446289 0.033203 0.095703
17 0.404297 0.500000 0.019531 0.015625
6 0.454102 0.348633 0.041016 0.095703
7 0.222656 0.059570 0.136719 0.119141
4 0.348633 0.180664 0.033203 0.220703
8 0.405273 0.293945 0.017578 0.119141
9 0.445312 0.869141 0.890625 0.257812
11 0.453125 0.696289 0.464844 0.087891
12 0.710938 0.698242 0.183594 0.087891
13 0.531250 0.635742 0.167969 0.033203
0 0.759766 0.635742 0.335938 0.033203