14 0.227539 0.804688 0.455078 0.386719
15 0.555664 0.451172 0.099609 0.089844
16 0.553711 0.451172 0.095703 0.101562
5 0.550781 0.350586 0.089844 0.095703
17 0.293945 0.350586 0.189453 0.095703
6 0.364258 0.577148 0.224609 0.064453
7 0.367188 0.530273 0.234375 0.025391
4 0.238281 0.506836 0.089844 0.005859
8 0.369141 0.509766 0.238281 0.011719
9 0.928711 0.071289 0.076172 0.142578
10 0.113281 0.060547 0.214844 0.121094
11 0.301758 0.060547 0.365234 0.121094
12 0.166016 0.160156 0.238281 0.074219
0 0.668945 0.804688 0.658203 0.386719
18 0.560547 0.159180 0.148438 0.076172