14 0.552734 0.464844 0.070312 0.007812
15 0.433594 0.464844 0.179688 0.007812
16 0.557617 0.475586 0.060547 0.009766
5 0.437500 0.475586 0.191406 0.009766
17 0.690430 0.493164 0.306641 0.021484
7 0.609375 0.210938 0.183594 0.039062
4 0.431641 0.208984 0.183594 0.039062
8 0.638672 0.159180 0.226562 0.060547
9 0.425781 0.158203 0.218750 0.062500
11 0.393555 0.071289 0.326172 0.111328
12 0.504883 0.420898 0.095703 0.044922
0 0.777344 0.527344 0.441406 0.046875
23 0.486328 0.856445 0.972656 0.283203