14 0.269531 0.525391 0.164062 0.136719
16 0.270508 0.524414 0.162109 0.154297
17 0.267578 0.373047 0.164062 0.148438
6 0.052734 0.315430 0.105469 0.244141
5 0.919922 0.623047 0.156250 0.011719
7 0.745117 0.817383 0.505859 0.271484
4 0.676758 0.649414 0.369141 0.064453
8 0.246094 0.819336 0.492188 0.271484
11 0.249023 0.644531 0.482422 0.074219
0 0.749023 0.377930 0.232422 0.107422
15 0.492188 0.385742 0.242188 0.123047
9 0.906250 0.066406 0.183594 0.132812
12 0.711914 0.063477 0.439453 0.126953
23 0.336914 0.594727 0.306641 0.021484
10 0.946289 0.485352 0.103516 0.029297