14 0.238281 0.856445 0.417969 0.283203
15 0.654297 0.857422 0.687500 0.281250
5 0.839844 0.562500 0.042969 0.003906
17 0.797852 0.428711 0.080078 0.037109
7 0.401367 0.666016 0.189453 0.097656
4 0.655273 0.668945 0.408203 0.103516
8 0.476562 0.598633 0.074219 0.033203
9 0.668945 0.599609 0.337891 0.035156
10 0.499023 0.572266 0.048828 0.015625
11 0.587891 0.573242 0.140625 0.017578
12 0.246094 0.000977 0.066406 0.001953
0 0.704102 0.079102 0.408203 0.158203
23 0.878906 0.076172 0.148438 0.152344