14 0.372070 0.572266 0.154297 0.136719
16 0.372070 0.571289 0.154297 0.154297
17 0.373047 0.423828 0.152344 0.148438
6 0.117188 0.298828 0.234375 0.355469
5 0.964844 0.667969 0.066406 0.019531
7 0.829102 0.867188 0.337891 0.230469
4 0.800781 0.689453 0.394531 0.066406
8 0.380859 0.847656 0.761719 0.257812
11 0.381836 0.687500 0.474609 0.066406
0 0.591797 0.436523 0.242188 0.123047
15 0.974609 0.128906 0.046875 0.035156
9 0.798828 0.091797 0.398438 0.183594
23 0.948242 0.653320 0.099609 0.009766
10 0.767578 0.646484 0.312500 0.019531