14 0.215820 0.869141 0.431641 0.257812
15 0.654297 0.870117 0.687500 0.255859
16 0.832031 0.570312 0.027344 0.003906
5 0.798828 0.432617 0.097656 0.041016
17 0.517578 0.407227 0.203125 0.103516
7 0.653320 0.686523 0.439453 0.115234
4 0.328125 0.609375 0.347656 0.035156
8 0.678711 0.610352 0.380859 0.037109
9 0.485352 0.582031 0.048828 0.015625
10 0.572266 0.582031 0.132812 0.015625
11 0.346680 0.081055 0.310547 0.162109
12 0.693359 0.080078 0.410156 0.160156
0 0.611328 0.202148 0.214844 0.091797
23 0.768555 0.297852 0.041016 0.099609