14 0.198242 0.695312 0.396484 0.121094
16 0.164062 0.876953 0.328125 0.242188
17 0.198242 0.015625 0.396484 0.031250
6 0.939453 0.490234 0.097656 0.035156
7 0.181641 0.495117 0.003906 0.044922
4 0.180664 0.468750 0.005859 0.003906
8 0.933594 0.447266 0.085938 0.007812
11 0.256836 0.434570 0.154297 0.060547
13 0.082031 0.452148 0.164062 0.021484
0 0.666992 0.692383 0.662109 0.119141
15 0.595703 0.874023 0.804688 0.248047
9 0.979492 0.708008 0.021484 0.001953
22 0.824219 0.495117 0.097656 0.044922
24 0.897461 0.019531 0.201172 0.039062
1 0.942383 0.342773 0.095703 0.044922
3 0.441406 0.347656 0.164062 0.062500
2 0.793945 0.348633 0.158203 0.060547