14 0.808594 0.879883 0.378906 0.236328
16 0.694336 0.666992 0.185547 0.041016
17 0.950195 0.075195 0.095703 0.068359
6 0.780273 0.055664 0.435547 0.111328
5 0.827148 0.395508 0.251953 0.103516
7 0.982422 0.353516 0.003906 0.019531
4 0.346680 0.853516 0.693359 0.289062
8 0.365234 0.677734 0.421875 0.062500
11 0.164062 0.650391 0.015625 0.007812
0 0.276367 0.388672 0.251953 0.089844
15 0.063477 0.374023 0.126953 0.060547
19 0.980469 0.456055 0.003906 0.001953
1 0.832031 0.456055 0.250000 0.001953
21 0.549805 0.453125 0.208984 0.007812