14 0.908203 0.596680 0.179688 0.251953
16 0.908203 0.594727 0.179688 0.283203
17 0.908203 0.319336 0.179688 0.263672
6 0.107422 0.321289 0.214844 0.259766
5 0.516602 0.595703 0.509766 0.250000
7 0.545898 0.594727 0.462891 0.283203
4 0.516602 0.319336 0.509766 0.263672
8 0.908203 0.092773 0.179688 0.185547
11 0.516602 0.094727 0.509766 0.189453
13 0.259766 0.833984 0.519531 0.195312
0 0.259766 0.963867 0.519531 0.068359
15 0.757812 0.836914 0.480469 0.197266
9 0.759766 0.965820 0.476562 0.064453
12 0.026367 0.002930 0.048828 0.005859