14 0.876953 0.575195 0.242188 0.029297
15 0.779297 0.568359 0.062500 0.019531
16 0.873047 0.610352 0.250000 0.060547
5 0.565430 0.587891 0.365234 0.015625
17 0.800781 0.720703 0.394531 0.191406
6 0.233398 0.642578 0.279297 0.089844
7 0.875977 0.129883 0.244141 0.146484
4 0.664062 0.165039 0.292969 0.103516
8 0.837891 0.055664 0.320312 0.111328
9 0.625977 0.067383 0.248047 0.134766
11 0.895508 0.499023 0.150391 0.072266
0 0.547852 0.875000 0.900391 0.246094
23 0.360352 0.314453 0.119141 0.039062
19 0.698242 0.394531 0.017578 0.015625
20 0.895508 0.359375 0.150391 0.078125
21 0.895508 0.427734 0.150391 0.070312