14 0.040039 0.625977 0.080078 0.025391
16 0.236328 0.667969 0.472656 0.109375
17 0.228516 0.860352 0.457031 0.275391
6 0.728516 0.666992 0.539062 0.107422
5 0.710938 0.860352 0.574219 0.275391
7 0.036133 0.008789 0.072266 0.017578
4 0.264648 0.009766 0.412109 0.019531
8 0.678711 0.010742 0.412109 0.021484
11 0.482422 0.492188 0.160156 0.078125
13 0.473633 0.492188 0.146484 0.089844
0 0.481445 0.404297 0.162109 0.082031
15 0.305664 0.404297 0.162109 0.082031
22 0.933594 0.011719 0.128906 0.023438
23 0.482422 0.317383 0.164062 0.087891
1 0.189453 0.542969 0.222656 0.007812
3 0.345703 0.559570 0.269531 0.021484
2 0.580078 0.542969 0.195312 0.007812