14 0.616211 0.541992 0.169922 0.009766
15 0.472656 0.541992 0.128906 0.009766
16 0.582031 0.557617 0.082031 0.017578
5 0.415039 0.557617 0.275391 0.017578
17 0.605469 0.584961 0.097656 0.033203
7 0.631836 0.256836 0.201172 0.048828
4 0.433594 0.256836 0.207031 0.048828
8 0.680664 0.189453 0.279297 0.082031
9 0.414062 0.188477 0.277344 0.083984
11 0.382812 0.073242 0.398438 0.146484
12 0.515625 0.492188 0.105469 0.046875
0 0.902344 0.437500 0.007812 0.003906
23 0.281250 0.557617 0.054688 0.017578