14 0.697266 0.601562 0.328125 0.035156
15 0.352539 0.602539 0.400391 0.037109
16 0.738281 0.670898 0.363281 0.099609
5 0.327148 0.672852 0.583984 0.103516
17 0.810547 0.859375 0.375000 0.277344
6 0.399414 0.860352 0.798828 0.275391
7 0.722656 0.097656 0.378906 0.152344
4 0.353516 0.093750 0.402344 0.156250
8 0.745117 0.011719 0.376953 0.023438
9 0.350586 0.009766 0.412109 0.019531
11 0.506836 0.507812 0.138672 0.070312
12 0.173828 0.603516 0.152344 0.035156
0 0.314453 0.508789 0.078125 0.064453
23 0.007812 0.099609 0.015625 0.027344