14 0.068359 0.440430 0.128906 0.013672
15 0.109375 0.503906 0.210938 0.164062
16 0.069336 0.389648 0.130859 0.083984
5 0.499023 0.885742 0.998047 0.224609
17 0.496094 0.704102 0.582031 0.142578
7 0.456055 0.609375 0.345703 0.042969
4 0.969727 0.882812 0.056641 0.050781
8 0.848633 0.639648 0.197266 0.017578
9 0.765625 0.609375 0.363281 0.042969
11 0.414062 0.070312 0.410156 0.140625
0 0.832031 0.215820 0.195312 0.146484
1 0.584961 0.360352 0.294922 0.142578
2 0.584961 0.214844 0.294922 0.148438
3 0.286133 0.360352 0.298828 0.142578