14 0.803711 0.538086 0.080078 0.029297
15 0.784180 0.557617 0.037109 0.005859
16 0.880859 0.324219 0.023438 0.007812
5 0.411133 0.309570 0.330078 0.162109
17 0.145508 0.907227 0.291016 0.181641
7 0.221680 0.714844 0.333984 0.207031
4 0.646484 0.712891 0.703125 0.203125
8 0.351562 0.587891 0.121094 0.046875
9 0.490234 0.585938 0.195312 0.046875
10 0.279297 0.030273 0.261719 0.060547
11 0.589844 0.035156 0.363281 0.070312
12 0.795898 0.563477 0.013672 0.001953
0 0.782227 0.148438 0.029297 0.152344