14 0.218750 0.835938 0.437500 0.324219
15 0.632812 0.836914 0.730469 0.322266
16 0.831055 0.514648 0.115234 0.021484
5 0.828125 0.527344 0.109375 0.007812
17 0.796875 0.381836 0.082031 0.037109
7 0.388672 0.625977 0.199219 0.095703
4 0.655273 0.628906 0.431641 0.101562
8 0.335938 0.560547 0.339844 0.031250
9 0.648438 0.561523 0.312500 0.033203
10 0.491211 0.536133 0.048828 0.013672
11 0.653320 0.537109 0.287109 0.015625
12 0.373047 0.055664 0.269531 0.111328
0 0.413086 0.156250 0.205078 0.093750
23 0.800781 0.148438 0.097656 0.093750