14 0.598633 0.443359 0.166016 0.148438
15 0.598633 0.439453 0.166016 0.171875
16 0.599609 0.291992 0.164062 0.146484
5 0.298828 0.291992 0.078125 0.146484
17 0.230469 0.833008 0.460938 0.330078
6 0.000977 0.559570 0.001953 0.001953
7 0.242188 0.612305 0.484375 0.107422
4 0.000977 0.541016 0.001953 0.031250
8 0.415039 0.541992 0.150391 0.029297
9 0.008789 0.052734 0.017578 0.015625
10 0.325195 0.030273 0.330078 0.060547
11 0.695312 0.833008 0.605469 0.330078
12 0.627930 0.613281 0.330078 0.109375
0 0.928711 0.361328 0.138672 0.328125
23 0.183594 0.139648 0.304688 0.154297