14 0.875977 0.541992 0.244141 0.029297
15 0.777344 0.535156 0.062500 0.019531
16 0.872070 0.576172 0.251953 0.058594
5 0.422852 0.555664 0.080078 0.013672
17 0.800781 0.684570 0.394531 0.189453
6 0.235352 0.607422 0.279297 0.089844
7 0.877930 0.089844 0.240234 0.148438
4 0.666016 0.125977 0.296875 0.107422
8 0.862305 0.034180 0.271484 0.068359
9 0.653320 0.047852 0.205078 0.095703
11 0.896484 0.464844 0.152344 0.074219
0 0.551758 0.857422 0.892578 0.281250
23 0.698242 0.359375 0.017578 0.015625
19 0.898438 0.325195 0.152344 0.080078
20 0.898438 0.393555 0.152344 0.072266
21 0.985352 0.465820 0.025391 0.064453