14 0.123047 0.529297 0.195312 0.144531
16 0.097656 0.528320 0.136719 0.162109
17 0.120117 0.369141 0.197266 0.156250
6 0.912109 0.813477 0.171875 0.208984
5 0.970703 0.675781 0.054688 0.062500
7 0.499023 0.853516 0.998047 0.289062
4 0.447266 0.675781 0.367188 0.062500
8 0.091797 0.814453 0.183594 0.214844
11 0.153320 0.660156 0.306641 0.089844
0 0.642578 0.378906 0.253906 0.109375
15 0.368164 0.355469 0.251953 0.062500
9 0.836914 0.055664 0.322266 0.111328
12 0.504883 0.055664 0.443359 0.111328
23 0.573242 0.604492 0.005859 0.005859
10 0.080078 0.601562 0.117188 0.023438