14 0.035156 0.426758 0.035156 0.001953
15 0.094727 0.500977 0.189453 0.177734
16 0.050781 0.375977 0.101562 0.076172
5 0.499023 0.955078 0.998047 0.085938
17 0.505859 0.781250 0.890625 0.261719
7 0.453125 0.619141 0.414062 0.058594
4 0.865234 0.766602 0.160156 0.232422
8 0.728516 0.619141 0.250000 0.058594
9 0.151367 0.050781 0.076172 0.066406
11 0.713867 0.053711 0.220703 0.064453
0 0.604492 0.334961 0.333984 0.158203
1 0.604492 0.170898 0.333984 0.166016
2 0.269531 0.334961 0.332031 0.158203
3 0.300781 0.169922 0.269531 0.167969