14 0.307617 0.521484 0.158203 0.136719
16 0.308594 0.520508 0.156250 0.154297
17 0.306641 0.370117 0.160156 0.150391
6 0.078125 0.291016 0.156250 0.285156
5 0.908203 0.625977 0.058594 0.021484
7 0.783203 0.814453 0.429688 0.269531
4 0.736328 0.640625 0.402344 0.074219
8 0.311523 0.814453 0.623047 0.269531
11 0.302734 0.640625 0.464844 0.074219
0 0.785156 0.354492 0.230469 0.052734
15 0.527344 0.382812 0.242188 0.125000
9 0.928711 0.063477 0.138672 0.126953
12 0.759766 0.063477 0.449219 0.126953
23 0.533203 0.595703 0.003906 0.011719
10 0.378906 0.590820 0.304688 0.021484