14 0.181641 0.839844 0.363281 0.316406
15 0.539062 0.838867 0.917969 0.318359
5 0.504883 0.415039 0.193359 0.095703
17 0.391602 0.632812 0.095703 0.046875
7 0.426758 0.595703 0.029297 0.023438
4 0.582031 0.596680 0.140625 0.025391
8 0.476562 0.569336 0.050781 0.001953
9 0.556641 0.575195 0.109375 0.013672
11 0.274414 0.030273 0.373047 0.060547
12 0.642578 0.025391 0.375000 0.050781
0 0.636719 0.116211 0.343750 0.150391
1 0.381836 0.231445 0.236328 0.076172
2 0.602539 0.227539 0.224609 0.080078
3 0.963867 0.080078 0.068359 0.074219
23 0.503906 0.317383 0.195312 0.099609
19 0.989258 0.110352 0.017578 0.021484
20 0.001953 0.113281 0.003906 0.003906
21 0.337891 0.428711 0.125000 0.068359