14 0.540039 0.511719 0.083984 0.082031
16 0.542969 0.513672 0.089844 0.093750
17 0.540039 0.421875 0.083984 0.085938
6 0.884766 0.202148 0.226562 0.404297
5 0.155273 0.688477 0.310547 0.111328
7 0.088867 0.818359 0.177734 0.148438
4 0.530273 0.686523 0.697266 0.111328
8 0.499023 0.868164 0.998047 0.259766
11 0.246094 0.419922 0.121094 0.078125
0 0.403320 0.510742 0.162109 0.087891
15 0.403320 0.422852 0.162109 0.083984
9 0.156250 0.020508 0.312500 0.041016
12 0.512695 0.023438 0.427734 0.046875
1 0.317383 0.578125 0.142578 0.019531
2 0.177734 0.613281 0.355469 0.035156