14 0.124023 0.656250 0.076172 0.082031
16 0.128906 0.022461 0.257812 0.044922
17 0.902344 0.491211 0.097656 0.080078
6 0.923828 0.490234 0.042969 0.089844
5 0.235352 0.462891 0.154297 0.019531
7 0.157227 0.449219 0.005859 0.003906
4 0.929688 0.399414 0.050781 0.087891
8 0.234375 0.404297 0.156250 0.082031
0 0.463867 0.864258 0.927734 0.267578
15 0.849609 0.677734 0.296875 0.117188
9 0.865234 0.867188 0.265625 0.261719
12 0.584961 0.402344 0.154297 0.082031
19 0.822266 0.017578 0.351562 0.035156
24 0.906250 0.312500 0.097656 0.089844
1 0.232422 0.318359 0.156250 0.085938
20 0.062500 0.313477 0.125000 0.072266
21 0.405273 0.317383 0.158203 0.087891
3 0.757812 0.315430 0.164062 0.087891
2 0.525391 0.541992 0.027344 0.005859