14 0.598633 0.509766 0.072266 0.003906
15 0.505859 0.508789 0.117188 0.005859
16 0.601562 0.518555 0.066406 0.009766
5 0.512695 0.518555 0.123047 0.009766
17 0.753906 0.536133 0.351562 0.021484
7 0.639648 0.245117 0.154297 0.044922
4 0.476562 0.247070 0.179688 0.044922
8 0.669922 0.186523 0.203125 0.072266
9 0.454102 0.189453 0.244141 0.070312
11 0.422852 0.089844 0.341797 0.128906
12 0.549805 0.467773 0.099609 0.044922
0 0.796875 0.570312 0.402344 0.046875
23 0.485352 0.905273 0.970703 0.185547