14 0.944336 0.771484 0.107422 0.042969
16 0.788086 0.922852 0.419922 0.150391
17 0.773438 0.796875 0.449219 0.097656
6 0.310547 0.922852 0.621094 0.150391
5 0.326172 0.796875 0.500000 0.097656
7 0.930664 0.198242 0.134766 0.123047
4 0.784180 0.035156 0.427734 0.070312
8 0.772461 0.165039 0.451172 0.189453
11 0.295898 0.035156 0.564453 0.070312
0 0.539062 0.512695 0.250000 0.126953
15 0.809570 0.511719 0.251953 0.128906
19 0.908203 0.734375 0.179688 0.027344
20 0.815430 0.648438 0.255859 0.125000
21 0.815430 0.648438 0.255859 0.140625
2 0.540039 0.648438 0.255859 0.140625