14 0.555664 0.495117 0.029297 0.064453
15 0.536133 0.494141 0.068359 0.074219
16 0.089844 0.495117 0.031250 0.064453
5 0.089844 0.495117 0.031250 0.072266
17 0.919922 0.509766 0.156250 0.363281
6 0.911133 0.507812 0.173828 0.414062
7 0.555664 0.422852 0.029297 0.068359
4 0.904297 0.173828 0.125000 0.347656
8 0.750000 0.268555 0.097656 0.271484
9 0.555664 0.355469 0.029297 0.062500
11 0.750000 0.125000 0.097656 0.234375
12 0.086914 0.359375 0.037109 0.054688
13 0.594727 0.588867 0.294922 0.037109
0 0.297852 0.588867 0.318359 0.037109
22 0.215820 0.857422 0.396484 0.281250
23 0.591797 0.072266 0.281250 0.144531