14 0.059570 0.660156 0.119141 0.046875
16 0.283203 0.696289 0.566406 0.123047
17 0.330078 0.875977 0.660156 0.244141
6 0.059570 0.012695 0.119141 0.025391
5 0.316406 0.015625 0.425781 0.031250
7 0.987305 0.489258 0.017578 0.033203
8 0.317383 0.494141 0.150391 0.046875
11 0.284180 0.466797 0.087891 0.003906
13 0.979492 0.414062 0.033203 0.066406
0 0.314453 0.433594 0.152344 0.058594
15 0.138672 0.420898 0.164062 0.083984
22 0.983398 0.641602 0.005859 0.017578
23 0.666992 0.434570 0.142578 0.048828
24 0.851562 0.431641 0.156250 0.039062
1 0.744141 0.018555 0.429688 0.037109
3 0.319336 0.321289 0.162109 0.013672
2 0.138672 0.333008 0.164062 0.087891