14 0.916016 0.525391 0.164062 0.046875
15 0.844727 0.551758 0.009766 0.001953
16 0.461914 0.299805 0.333984 0.162109
5 0.126953 0.899414 0.253906 0.197266
17 0.542969 0.899414 0.910156 0.197266
7 0.627930 0.703125 0.740234 0.203125
4 0.390625 0.579102 0.132812 0.041016
8 0.567383 0.580078 0.283203 0.042969
9 0.317383 0.024414 0.283203 0.048828
10 0.633789 0.023438 0.361328 0.046875
11 0.821289 0.023438 0.037109 0.039062
12 0.863281 0.045898 0.039062 0.001953
0 0.015625 0.037109 0.031250 0.027344