14 0.588867 0.488281 0.021484 0.050781
15 0.573242 0.487305 0.052734 0.056641
16 0.741211 0.487305 0.056641 0.146484
5 0.718750 0.488281 0.019531 0.140625
17 0.588867 0.430664 0.021484 0.052734
6 0.742188 0.274414 0.058594 0.115234
7 0.680664 0.366211 0.025391 0.126953
4 0.588867 0.375000 0.021484 0.054688
8 0.742188 0.173828 0.058594 0.210938
9 0.680664 0.259766 0.025391 0.140625
11 0.031250 0.351562 0.019531 0.003906
12 0.184570 0.376953 0.107422 0.054688
13 0.594727 0.542969 0.162109 0.011719
0 0.474609 0.542969 0.078125 0.011719
2 0.381836 0.561523 0.259766 0.021484
22 0.297852 0.599609 0.416016 0.050781