14 0.209961 0.971680 0.419922 0.052734
15 0.605469 0.455078 0.132812 0.117188
16 0.600586 0.453125 0.123047 0.132812
5 0.600586 0.324219 0.123047 0.125000
17 0.261719 0.325195 0.246094 0.123047
6 0.249023 0.777344 0.498047 0.351562
7 0.072266 0.558594 0.144531 0.031250
4 0.255859 0.573242 0.511719 0.056641
8 0.149414 0.532227 0.123047 0.021484
9 0.335938 0.532227 0.359375 0.021484
10 0.196289 0.066406 0.111328 0.132812
11 0.333008 0.066406 0.365234 0.132812
12 0.705078 0.976562 0.585938 0.042969
0 0.600586 0.573242 0.201172 0.056641
23 0.597656 0.196289 0.117188 0.130859