14 0.496094 0.486328 0.085938 0.082031
16 0.499023 0.489258 0.091797 0.095703
17 0.496094 0.395508 0.085938 0.087891
6 0.873047 0.190430 0.250000 0.380859
5 0.141602 0.667969 0.283203 0.117188
7 0.085938 0.813477 0.171875 0.177734
4 0.520508 0.663086 0.689453 0.119141
8 0.499023 0.852539 0.998047 0.291016
11 0.183594 0.388672 0.148438 0.070312
0 0.356445 0.486328 0.166016 0.089844
15 0.356445 0.396484 0.166016 0.085938
9 0.247070 0.000977 0.064453 0.001953
12 0.483398 0.010742 0.408203 0.021484
23 0.823242 0.072266 0.146484 0.144531
1 0.283203 0.554688 0.097656 0.019531
2 0.159180 0.591797 0.318359 0.039062