14 0.876953 0.846680 0.242188 0.271484
16 0.854492 0.677734 0.197266 0.062500
17 0.997070 0.108398 0.001953 0.001953
6 0.826172 0.055664 0.343750 0.111328
5 0.893555 0.357422 0.208984 0.027344
7 0.499023 0.853516 0.998047 0.289062
4 0.427734 0.676758 0.253906 0.060547
8 0.071289 0.813477 0.142578 0.115234
11 0.620117 0.395508 0.244141 0.103516
0 0.100586 0.386719 0.201172 0.085938
15 0.476562 0.055664 0.441406 0.111328
19 0.905273 0.456055 0.185547 0.001953
1 0.599609 0.453125 0.203125 0.007812
20 0.354492 0.514648 0.248047 0.076172
21 0.324219 0.450195 0.019531 0.001953
3 0.101562 0.509766 0.203125 0.066406