14 0.950195 0.712891 0.095703 0.039062
16 0.875977 0.661133 0.244141 0.060547
17 0.664062 0.801758 0.667969 0.216797
6 0.824219 0.662109 0.140625 0.058594
5 0.874023 0.085938 0.248047 0.171875
7 0.649414 0.085938 0.455078 0.171875
4 0.707031 0.417969 0.234375 0.121094
8 0.921875 0.417969 0.152344 0.121094
11 0.199219 0.802734 0.398438 0.218750
0 0.012695 0.652344 0.025391 0.039062
15 0.450195 0.420898 0.236328 0.115234
19 0.875977 0.621094 0.244141 0.015625
1 0.262695 0.625977 0.220703 0.009766
21 0.922852 0.545898 0.150391 0.115234
2 0.723633 0.545898 0.201172 0.115234