14 0.931641 0.720703 0.132812 0.078125
16 0.868164 0.642578 0.259766 0.074219
17 0.596680 0.821289 0.802734 0.279297
6 0.689453 0.642578 0.343750 0.074219
5 0.869141 0.061523 0.257812 0.123047
7 0.608398 0.062500 0.427734 0.125000
4 0.697266 0.380859 0.242188 0.125000
8 0.919922 0.380859 0.156250 0.125000
11 0.166992 0.819336 0.333984 0.275391
0 0.034180 0.616211 0.068359 0.001953
15 0.439453 0.394531 0.230469 0.101562
20 0.918945 0.512695 0.158203 0.134766
21 0.695312 0.513672 0.242188 0.117188