14 0.601562 0.552734 0.093750 0.007812
15 0.491211 0.552734 0.138672 0.007812
16 0.606445 0.565430 0.083984 0.013672
5 0.500977 0.565430 0.146484 0.013672
17 0.629883 0.588867 0.103516 0.029297
7 0.644531 0.259766 0.179688 0.054688
4 0.454102 0.259766 0.212891 0.054688
8 0.685547 0.183594 0.246094 0.093750
9 0.433594 0.185547 0.285156 0.093750
11 0.398438 0.070312 0.394531 0.140625
12 0.540039 0.506836 0.107422 0.048828
0 0.714844 0.653320 0.214844 0.095703
23 0.300781 0.563477 0.011719 0.009766
18 0.293945 0.150391 0.009766 0.015625