14 0.623047 0.495117 0.019531 0.048828
15 0.607422 0.494141 0.050781 0.054688
16 0.750977 0.494141 0.041016 0.121094
5 0.725586 0.438477 0.009766 0.001953
17 0.623047 0.440430 0.019531 0.048828
6 0.750977 0.286133 0.041016 0.044922
7 0.703125 0.396484 0.019531 0.089844
4 0.977539 0.048828 0.041016 0.074219
8 0.623047 0.387695 0.019531 0.052734
9 0.750977 0.221680 0.041016 0.169922
11 0.852539 0.117188 0.111328 0.234375
12 0.977539 0.027344 0.041016 0.054688
13 0.238281 0.390625 0.093750 0.050781
0 0.626953 0.546875 0.152344 0.011719
1 0.515625 0.545898 0.070312 0.009766
2 0.627930 0.562500 0.166016 0.019531