14 0.031250 0.002930 0.062500 0.005859
16 0.095703 0.469727 0.132812 0.048828
6 0.782227 0.426758 0.091797 0.013672
5 0.127930 0.421875 0.087891 0.007812
7 0.007812 0.425781 0.003906 0.015625
4 0.231445 0.658203 0.462891 0.109375
8 0.231445 0.853516 0.462891 0.289062
11 0.731445 0.654297 0.533203 0.105469
13 0.728516 0.851562 0.539062 0.292969
0 0.923828 0.609375 0.148438 0.019531
15 0.470703 0.394531 0.152344 0.078125
9 0.627930 0.483398 0.130859 0.076172
23 0.260742 0.006836 0.404297 0.013672
24 0.784180 0.307617 0.091797 0.048828
1 0.107422 0.322266 0.164062 0.050781
3 0.641602 0.318359 0.158203 0.070312
2 0.368164 0.536133 0.162109 0.005859