14 0.064453 0.002930 0.128906 0.005859
16 0.771484 0.483398 0.015625 0.076172
17 0.767578 0.526367 0.007812 0.001953
6 0.148438 0.468750 0.148438 0.046875
7 0.812500 0.393555 0.089844 0.076172
4 0.146484 0.406250 0.082031 0.039062
8 0.020508 0.394531 0.041016 0.085938
11 0.289062 0.658203 0.578125 0.109375
0 0.778320 0.654297 0.439453 0.105469
15 0.789062 0.851562 0.417969 0.292969
9 0.962891 0.602539 0.070312 0.005859
24 0.958984 0.011719 0.078125 0.023438
1 0.813477 0.318359 0.091797 0.070312
2 0.670898 0.326172 0.158203 0.054688