14 0.181641 0.801758 0.363281 0.392578
15 0.571289 0.800781 0.853516 0.394531
16 0.707031 0.468750 0.089844 0.015625
5 0.692383 0.480469 0.060547 0.003906
17 0.663086 0.360352 0.013672 0.013672
7 0.320312 0.567383 0.171875 0.076172
4 0.541992 0.565430 0.349609 0.076172
8 0.387695 0.513672 0.068359 0.027344
9 0.504883 0.513672 0.193359 0.027344
10 0.408203 0.491211 0.046875 0.013672
11 0.555664 0.491211 0.259766 0.013672
12 0.293945 0.039062 0.251953 0.078125
0 0.324219 0.121094 0.210938 0.089844
23 0.730469 0.126953 0.160156 0.082031