14 0.591797 0.561523 0.066406 0.005859
15 0.506836 0.561523 0.111328 0.005859
16 0.589844 0.570312 0.046875 0.007812
5 0.512695 0.570312 0.115234 0.007812
17 0.731445 0.584961 0.318359 0.017578
7 0.628906 0.312500 0.140625 0.039062
4 0.473633 0.314453 0.177734 0.039062
8 0.681641 0.262695 0.234375 0.060547
9 0.458984 0.264648 0.222656 0.060547
11 0.461914 0.183594 0.244141 0.105469
12 0.548828 0.521484 0.097656 0.042969
0 0.792969 0.612305 0.410156 0.037109
23 0.451172 0.881836 0.902344 0.232422
18 0.209961 0.588867 0.041016 0.005859