14 0.162109 0.525391 0.171875 0.136719
16 0.164062 0.524414 0.167969 0.154297
17 0.160156 0.373047 0.171875 0.148438
6 0.930664 0.765625 0.134766 0.093750
5 0.849609 0.622070 0.281250 0.009766
7 0.544922 0.817383 0.906250 0.271484
4 0.527344 0.648438 0.359375 0.062500
8 0.143555 0.818359 0.287109 0.269531
11 0.184570 0.644531 0.369141 0.074219
0 0.658203 0.381836 0.238281 0.099609
15 0.400391 0.359375 0.234375 0.054688
9 0.846680 0.066406 0.302734 0.132812
12 0.553711 0.066406 0.439453 0.132812
23 0.171875 0.594727 0.199219 0.021484
10 0.896484 0.485352 0.191406 0.029297