14 0.143555 0.462891 0.099609 0.070312
15 0.141602 0.420898 0.095703 0.013672
16 0.143555 0.386719 0.103516 0.066406
5 0.995117 0.348633 0.005859 0.009766
17 0.033203 0.443359 0.066406 0.039062
7 0.058594 0.345703 0.015625 0.003906
4 0.129883 0.204102 0.029297 0.029297
8 0.032227 0.131836 0.064453 0.060547
9 0.499023 0.833984 0.998047 0.328125
11 0.508789 0.627930 0.392578 0.080078
0 0.886719 0.751953 0.222656 0.164062
1 0.932617 0.627930 0.130859 0.080078
2 0.682617 0.568359 0.189453 0.023438
3 0.168945 0.011719 0.103516 0.023438