14 0.583984 0.495117 0.027344 0.056641
15 0.566406 0.495117 0.062500 0.064453
16 0.094727 0.469727 0.005859 0.001953
5 0.094727 0.464844 0.005859 0.003906
17 0.839844 0.515625 0.132812 0.253906
6 0.829102 0.526367 0.150391 0.263672
7 0.583984 0.431641 0.027344 0.058594
4 0.841797 0.172852 0.132812 0.201172
8 0.714844 0.338867 0.050781 0.177734
9 0.583984 0.369141 0.027344 0.062500
11 0.715820 0.208008 0.048828 0.185547
12 0.966797 0.005859 0.007812 0.011719
13 0.130859 0.370117 0.082031 0.060547
0 0.605469 0.567383 0.214844 0.021484
22 0.689453 0.707031 0.457031 0.160156
23 0.244141 0.706055 0.488281 0.158203