14 0.115234 0.736328 0.230469 0.125000
16 0.006836 0.804688 0.013672 0.007812
17 0.395508 0.735352 0.751953 0.126953
6 0.499023 0.896484 0.998047 0.203125
5 0.119141 0.035156 0.238281 0.070312
7 0.434570 0.038086 0.458984 0.076172
11 0.370117 0.547852 0.166016 0.080078
0 0.997070 0.483398 0.001953 0.009766
15 0.365234 0.458008 0.152344 0.083984
9 0.190430 0.457031 0.166016 0.085938
22 0.892578 0.884766 0.210938 0.183594
23 0.733398 0.457031 0.123047 0.078125
1 0.818359 0.040039 0.359375 0.080078
3 0.547852 0.359375 0.162109 0.015625
2 0.898438 0.378906 0.156250 0.050781