14 0.552734 0.495117 0.027344 0.060547
15 0.536133 0.494141 0.060547 0.070312
16 0.884766 0.503906 0.226562 0.320312
5 0.833008 0.507812 0.150391 0.308594
17 0.552734 0.427734 0.027344 0.062500
6 0.843750 0.193359 0.144531 0.371094
7 0.707031 0.309570 0.066406 0.212891
4 0.552734 0.365234 0.027344 0.058594
8 0.844727 0.083008 0.142578 0.166016
11 0.324219 0.576172 0.273438 0.027344
12 0.648438 0.623047 0.417969 0.066406
13 0.302734 0.624023 0.300781 0.064453
0 0.673828 0.827148 0.648438 0.341797
22 0.590820 0.030273 0.275391 0.060547