14 0.011719 0.655273 0.023438 0.005859
16 0.213867 0.712891 0.427734 0.121094
17 0.178711 0.885742 0.357422 0.224609
6 0.678711 0.713867 0.638672 0.123047
5 0.614258 0.886719 0.767578 0.222656
7 0.015625 0.038086 0.031250 0.029297
4 0.213867 0.026367 0.427734 0.052734
8 0.642578 0.025391 0.441406 0.050781
11 0.474609 0.528320 0.164062 0.080078
0 0.474609 0.438477 0.164062 0.083984
15 0.296875 0.438477 0.160156 0.083984
22 0.915039 0.024414 0.166016 0.048828
23 0.474609 0.351562 0.164062 0.085938
1 0.173828 0.579102 0.238281 0.009766
3 0.327148 0.596680 0.279297 0.021484
2 0.526367 0.579102 0.115234 0.009766