14 0.492188 0.521484 0.191406 0.011719
15 0.507812 0.538086 0.222656 0.021484
16 0.208984 0.535156 0.019531 0.003906
5 0.519531 0.572266 0.296875 0.042969
17 0.474609 0.208008 0.230469 0.060547
6 0.344727 0.208008 0.083984 0.060547
7 0.461914 0.122070 0.318359 0.107422
4 0.284180 0.123047 0.115234 0.105469
8 0.455078 0.038086 0.367188 0.060547
9 0.245117 0.038086 0.111328 0.060547
11 0.434570 0.467773 0.107422 0.056641
0 0.539062 0.680664 0.707031 0.169922
2 0.301758 0.388672 0.021484 0.007812
19 0.436523 0.355469 0.103516 0.054688