14 0.411133 0.528320 0.150391 0.142578
16 0.412109 0.527344 0.148438 0.160156
17 0.411133 0.370117 0.150391 0.154297
6 0.189453 0.240234 0.195312 0.394531
5 0.900391 0.826172 0.195312 0.238281
7 0.829102 0.660156 0.337891 0.089844
4 0.499023 0.852539 0.998047 0.291016
8 0.489258 0.660156 0.521484 0.089844
11 0.889648 0.368164 0.212891 0.087891
0 0.831055 0.056641 0.333984 0.113281
15 0.491211 0.056641 0.443359 0.113281
9 0.714844 0.608398 0.136719 0.013672
12 0.497070 0.601562 0.318359 0.023438
23 0.632812 0.519531 0.250000 0.121094
10 0.563477 0.518555 0.111328 0.138672