14 0.946289 0.640625 0.029297 0.007812
16 0.953125 0.176758 0.089844 0.056641
17 0.086914 0.563477 0.173828 0.142578
6 0.086914 0.562500 0.173828 0.160156
5 0.087891 0.409180 0.175781 0.154297
7 0.966797 0.414062 0.031250 0.062500
4 0.914062 0.768555 0.167969 0.087891
8 0.644531 0.647461 0.007812 0.009766
11 0.550781 0.842773 0.894531 0.271484
0 0.130859 0.851562 0.261719 0.269531
15 0.154297 0.685547 0.308594 0.074219
9 0.823242 0.434570 0.208984 0.115234
12 0.583008 0.428711 0.228516 0.123047
23 0.860352 0.008789 0.216797 0.017578