14 0.556641 0.443359 0.023438 0.050781
15 0.541016 0.442383 0.054688 0.060547
16 0.132812 0.427734 0.015625 0.019531
5 0.131836 0.415039 0.013672 0.001953
17 0.727539 0.440430 0.064453 0.154297
6 0.708984 0.443359 0.031250 0.160156
7 0.556641 0.383789 0.023438 0.056641
4 0.730469 0.205078 0.062500 0.117188
8 0.658203 0.312500 0.027344 0.136719
9 0.557617 0.325195 0.021484 0.056641
11 0.658203 0.192383 0.027344 0.162109
12 0.852539 0.043945 0.080078 0.087891
13 0.111328 0.324219 0.082031 0.058594
0 0.567383 0.502930 0.173828 0.013672
2 0.583984 0.523438 0.218750 0.027344
22 0.594727 0.572266 0.267578 0.066406