14 0.289062 0.901367 0.578125 0.193359
15 0.743164 0.913086 0.509766 0.169922
16 0.125977 0.009766 0.150391 0.019531
5 0.943359 0.701172 0.023438 0.003906
17 0.933594 0.707031 0.003906 0.003906
4 0.649414 0.548828 0.193359 0.097656
8 0.316406 0.789062 0.605469 0.074219
9 0.761719 0.796875 0.359375 0.085938
10 0.602539 0.737305 0.068359 0.029297
11 0.722656 0.739258 0.203125 0.033203
12 0.621094 0.713867 0.046875 0.013672
0 0.339844 0.119141 0.535156 0.238281
1 0.787109 0.107422 0.421875 0.214844
2 0.493164 0.283203 0.263672 0.132812
3 0.791992 0.258789 0.365234 0.154297
23 0.755859 0.362305 0.257812 0.083984
24 0.867188 0.402344 0.011719 0.015625