14 0.094727 0.912109 0.189453 0.171875
15 0.539062 0.913086 0.917969 0.169922
16 0.875000 0.525391 0.050781 0.023438
5 0.872070 0.540039 0.044922 0.009766
17 0.795898 0.354492 0.076172 0.037109
7 0.163086 0.719727 0.326172 0.212891
4 0.613281 0.719727 0.769531 0.220703
8 0.416016 0.568359 0.078125 0.015625
9 0.547852 0.583984 0.212891 0.046875
10 0.439453 0.549805 0.066406 0.017578
11 0.542969 0.550781 0.167969 0.019531
12 0.940430 0.285156 0.009766 0.003906
0 0.637695 0.022461 0.376953 0.044922
1 0.331055 0.109375 0.283203 0.125000
2 0.627930 0.106445 0.341797 0.126953
3 0.906250 0.580078 0.113281 0.035156
19 0.816406 0.021484 0.027344 0.039062
20 0.763672 0.105469 0.082031 0.125000
21 0.477539 0.233398 0.236328 0.123047