14 0.601562 0.450195 0.128906 0.119141
15 0.601562 0.448242 0.128906 0.138672
16 0.601562 0.317383 0.128906 0.126953
5 0.253906 0.318359 0.250000 0.125000
17 0.248047 0.800781 0.496094 0.394531
6 0.066406 0.556641 0.132812 0.027344
7 0.254883 0.572266 0.509766 0.058594
4 0.140625 0.529297 0.097656 0.023438
8 0.329102 0.530273 0.369141 0.021484
9 0.198242 0.061523 0.107422 0.123047
10 0.333984 0.061523 0.363281 0.123047
11 0.705078 0.800781 0.585938 0.394531
12 0.603516 0.573242 0.210938 0.060547
0 0.893555 0.384766 0.208984 0.324219