14 0.917969 0.122070 0.160156 0.138672
16 0.055664 0.544922 0.111328 0.101562
17 0.066406 0.490234 0.089844 0.007812
6 0.056641 0.420898 0.113281 0.126953
5 0.952148 0.432617 0.091797 0.111328
7 0.815430 0.807617 0.365234 0.216797
4 0.775391 0.666992 0.039062 0.060547
8 0.404297 0.825195 0.808594 0.240234
11 0.324219 0.671875 0.281250 0.062500
0 0.119141 0.670898 0.207031 0.056641
15 0.770508 0.429688 0.220703 0.113281
12 0.259766 0.421875 0.246094 0.125000
23 0.769531 0.093750 0.457031 0.187500
19 0.106445 0.081055 0.212891 0.162109
24 0.899414 0.628906 0.162109 0.007812