14 0.605469 0.444336 0.175781 0.146484
15 0.605469 0.436523 0.175781 0.181641
16 0.605469 0.280273 0.175781 0.154297
5 0.283203 0.281250 0.089844 0.156250
17 0.226562 0.851562 0.453125 0.292969
6 0.256836 0.633789 0.451172 0.138672
7 0.408203 0.545898 0.164062 0.033203
4 0.316406 0.018555 0.347656 0.037109
8 0.695312 0.851562 0.605469 0.292969
9 0.655273 0.634766 0.400391 0.140625
10 0.568359 0.545898 0.167969 0.033203
11 0.952148 0.355469 0.091797 0.328125
12 0.795898 0.393555 0.107422 0.236328
0 0.573242 0.017578 0.166016 0.035156
23 0.250977 0.444336 0.158203 0.146484