14 0.052734 0.015625 0.105469 0.031250
16 0.157227 0.497070 0.103516 0.048828
6 0.813477 0.449219 0.087891 0.011719
5 0.113281 0.430664 0.113281 0.041016
7 0.011719 0.453125 0.023438 0.019531
4 0.266602 0.693359 0.533203 0.117188
8 0.295898 0.874023 0.591797 0.248047
11 0.762695 0.690430 0.470703 0.115234
13 0.767578 0.872070 0.460938 0.251953
0 0.953125 0.634766 0.089844 0.007812
15 0.491211 0.419922 0.130859 0.078125
9 0.666016 0.511719 0.160156 0.078125
24 0.812500 0.328125 0.089844 0.050781
1 0.133789 0.342773 0.158203 0.052734
2 0.418945 0.563477 0.123047 0.005859