14 0.042969 0.687500 0.085938 0.039062
16 0.107422 0.013672 0.207031 0.027344
17 0.849609 0.491211 0.042969 0.076172
5 0.208008 0.463867 0.154297 0.021484
4 0.876953 0.432617 0.097656 0.013672
8 0.193359 0.418945 0.128906 0.044922
11 0.048828 0.404297 0.097656 0.082031
13 0.334961 0.665039 0.669922 0.107422
0 0.424805 0.857422 0.849609 0.281250
15 0.823242 0.666016 0.349609 0.109375
9 0.835938 0.859375 0.324219 0.277344
24 0.801758 0.010742 0.392578 0.021484
1 0.879883 0.316406 0.095703 0.062500
3 0.378906 0.332031 0.160156 0.050781
2 0.731445 0.332031 0.162109 0.054688