14 0.705078 0.461914 0.058594 0.033203
16 0.705078 0.441406 0.058594 0.003906
17 0.061523 0.483398 0.123047 0.080078
6 0.068359 0.528320 0.007812 0.001953
5 0.721680 0.426758 0.091797 0.021484
7 0.047852 0.388672 0.095703 0.078125
4 0.122070 0.666992 0.244141 0.115234
8 0.099609 0.820312 0.199219 0.191406
11 0.562500 0.664062 0.718750 0.117188
0 0.860352 0.659180 0.275391 0.111328
15 0.962891 0.736328 0.070312 0.039062
9 0.405273 0.391602 0.158203 0.080078
12 0.653320 0.461914 0.013672 0.033203
23 0.600586 0.418945 0.103516 0.005859
24 0.723633 0.296875 0.091797 0.050781
1 0.059570 0.316406 0.119141 0.062500
3 0.307617 0.536133 0.146484 0.005859
2 0.457031 0.534180 0.054688 0.009766