14 0.655273 0.590820 0.251953 0.025391
15 0.379883 0.591797 0.330078 0.027344
16 0.663086 0.637695 0.228516 0.064453
5 0.401367 0.638672 0.376953 0.066406
17 0.795898 0.829102 0.404297 0.318359
6 0.403320 0.834961 0.806641 0.326172
7 0.692383 0.150391 0.326172 0.117188
4 0.375000 0.147461 0.343750 0.119141
8 0.734375 0.057617 0.371094 0.072266
9 0.355469 0.051758 0.402344 0.076172
11 0.505859 0.509766 0.132812 0.066406
12 0.904297 0.993164 0.187500 0.009766
0 0.238281 0.588867 0.078125 0.021484
23 0.169922 0.049805 0.058594 0.072266