14 0.153320 0.566406 0.220703 0.015625
15 0.169922 0.585938 0.253906 0.027344
16 0.177734 0.624023 0.343750 0.060547
5 0.132812 0.228516 0.265625 0.089844
17 0.016602 0.221680 0.033203 0.064453
6 0.149414 0.138672 0.298828 0.148438
7 0.166992 0.055664 0.333984 0.111328
4 0.098633 0.509766 0.111328 0.054688
8 0.088867 0.508789 0.130859 0.064453
9 0.512695 0.440430 0.033203 0.021484
11 0.451172 0.892578 0.902344 0.210938
0 0.092773 0.385742 0.123047 0.064453
1 0.448242 0.557617 0.033203 0.005859
2 0.503906 0.567383 0.011719 0.001953