14 0.982422 0.699219 0.031250 0.011719
16 0.914062 0.661133 0.167969 0.060547
17 0.736328 0.801758 0.523438 0.216797
6 0.894531 0.668945 0.128906 0.044922
5 0.894531 0.085938 0.207031 0.171875
7 0.709961 0.085938 0.455078 0.171875
4 0.740234 0.417969 0.234375 0.121094
8 0.939453 0.417969 0.117188 0.121094
11 0.239258 0.802734 0.478516 0.218750
0 0.086914 0.648438 0.021484 0.031250
15 0.485352 0.420898 0.236328 0.115234
19 0.321289 0.625977 0.259766 0.009766
1 0.940430 0.545898 0.115234 0.115234
20 0.940430 0.545898 0.115234 0.130859
21 0.754883 0.545898 0.208984 0.115234