14 0.694336 0.478516 0.044922 0.082031
16 0.701172 0.480469 0.058594 0.097656
17 0.040039 0.457031 0.072266 0.035156
5 0.673828 0.386719 0.089844 0.089844
7 0.009766 0.417969 0.011719 0.015625
4 0.019531 0.684570 0.039062 0.021484
8 0.342773 0.656250 0.685547 0.113281
11 0.461914 0.854492 0.923828 0.287109
0 0.843750 0.853516 0.308594 0.289062
15 0.353516 0.381836 0.160156 0.072266
9 0.500977 0.457031 0.099609 0.035156
24 0.170898 0.311523 0.158203 0.056641
1 0.533203 0.292969 0.164062 0.054688
3 0.125000 0.572266 0.250000 0.015625
2 0.416016 0.580078 0.355469 0.035156