14 0.159180 0.956055 0.318359 0.083984
15 0.639648 0.952148 0.716797 0.091797
16 0.802734 0.633789 0.101562 0.025391
5 0.801758 0.649414 0.099609 0.009766
17 0.770508 0.478516 0.095703 0.039062
7 0.231445 0.817383 0.357422 0.197266
4 0.660156 0.814453 0.675781 0.195312
8 0.383789 0.694336 0.095703 0.044922
9 0.668945 0.693359 0.513672 0.046875
10 0.413086 0.660156 0.056641 0.019531
11 0.593750 0.660156 0.320312 0.019531
12 0.254883 0.096680 0.361328 0.193359
0 0.338867 0.245117 0.208984 0.107422
23 0.992188 0.646484 0.003906 0.007812