14 0.288086 0.521484 0.162109 0.136719
16 0.290039 0.520508 0.158203 0.154297
17 0.287109 0.370117 0.164062 0.150391
6 0.064453 0.303711 0.128906 0.259766
5 0.935547 0.623047 0.125000 0.015625
7 0.760742 0.815430 0.474609 0.271484
4 0.703125 0.646484 0.378906 0.062500
8 0.268555 0.814453 0.537109 0.269531
11 0.275391 0.640625 0.480469 0.074219
0 0.772461 0.374023 0.240234 0.107422
15 0.509766 0.382812 0.242188 0.125000
9 0.918945 0.062500 0.158203 0.125000
12 0.733398 0.059570 0.439453 0.119141
23 0.349609 0.590820 0.289062 0.021484
10 0.957031 0.481445 0.082031 0.029297