14 0.485352 0.646484 0.044922 0.093750
15 0.515625 0.646484 0.097656 0.105469
16 0.013672 0.576172 0.027344 0.335938
5 0.029297 0.395508 0.058594 0.064453
17 0.492188 0.544922 0.031250 0.093750
6 0.033203 0.188477 0.066406 0.376953
7 0.437500 0.597656 0.019531 0.015625
4 0.487305 0.449219 0.041016 0.093750
8 0.241211 0.113281 0.189453 0.226562
9 0.387695 0.291016 0.029297 0.207031
11 0.454102 0.922852 0.787109 0.150391
12 0.866211 0.925781 0.263672 0.144531
13 0.490234 0.803711 0.480469 0.095703
0 0.759766 0.805664 0.203125 0.095703