14 0.936523 0.390625 0.111328 0.085938
15 0.067383 0.304688 0.130859 0.156250
16 0.168945 0.475586 0.017578 0.072266
5 0.165039 0.305664 0.013672 0.005859
17 0.960938 0.071289 0.074219 0.052734
6 0.917969 0.146484 0.160156 0.097656
7 0.913086 0.225586 0.169922 0.056641
4 0.974609 0.237305 0.046875 0.033203
8 0.918945 0.300781 0.158203 0.089844
9 0.067383 0.169922 0.130859 0.234375
11 0.499023 0.905273 0.998047 0.185547
12 0.072266 0.666016 0.144531 0.082031
13 0.423828 0.719727 0.847656 0.189453
0 0.097656 0.596680 0.195312 0.052734
1 0.500977 0.596680 0.302734 0.052734
2 0.194336 0.564453 0.060547 0.007812
3 0.507812 0.556641 0.183594 0.023438