14 0.950195 0.653320 0.095703 0.072266
16 0.748047 0.854492 0.500000 0.287109
17 0.798828 0.677734 0.398438 0.062500
6 0.921875 0.054688 0.152344 0.109375
5 0.725586 0.055664 0.443359 0.111328
7 0.781250 0.387695 0.253906 0.119141
4 0.971680 0.381836 0.052734 0.130859
8 0.250000 0.853516 0.500000 0.289062
11 0.271484 0.677734 0.457031 0.062500
0 0.505859 0.395508 0.253906 0.103516
15 0.230469 0.389648 0.250000 0.091797
19 0.969727 0.520508 0.056641 0.123047
1 0.779297 0.515625 0.250000 0.078125
21 0.504883 0.514648 0.251953 0.076172
2 0.232422 0.514648 0.250000 0.076172