14 0.616211 0.439453 0.189453 0.160156
15 0.617188 0.430664 0.191406 0.197266
16 0.618164 0.263672 0.193359 0.171875
5 0.265625 0.267578 0.105469 0.164062
17 0.219727 0.883789 0.439453 0.228516
6 0.241211 0.670898 0.482422 0.197266
7 0.400391 0.550781 0.183594 0.039062
4 0.321289 0.002930 0.341797 0.005859
8 0.695312 0.884766 0.605469 0.226562
9 0.708008 0.671875 0.529297 0.199219
10 0.577148 0.550781 0.185547 0.039062
11 0.988281 0.350586 0.019531 0.326172
12 0.827148 0.375000 0.169922 0.277344
0 0.570312 0.001953 0.152344 0.003906
23 0.079102 0.492188 0.142578 0.054688