14 0.668945 0.593750 0.275391 0.027344
15 0.369141 0.594727 0.355469 0.029297
16 0.676758 0.644531 0.251953 0.070312
5 0.388672 0.645508 0.414062 0.072266
17 0.798828 0.839844 0.398438 0.316406
6 0.404297 0.839844 0.808594 0.316406
7 0.699219 0.138672 0.339844 0.125000
4 0.371094 0.135742 0.351562 0.126953
8 0.745117 0.039062 0.388672 0.078125
9 0.352539 0.037109 0.416016 0.074219
11 0.505859 0.509766 0.132812 0.066406
12 0.220703 0.594727 0.101562 0.029297
0 0.322266 0.509766 0.074219 0.062500
23 0.984375 0.364258 0.023438 0.009766