14 0.528320 0.476562 0.083984 0.082031
16 0.533203 0.477539 0.093750 0.095703
17 0.527344 0.385742 0.085938 0.087891
6 0.914062 0.186523 0.167969 0.369141
5 0.174805 0.657227 0.349609 0.119141
7 0.144531 0.855469 0.289062 0.285156
4 0.632812 0.651367 0.679688 0.119141
8 0.571289 0.846680 0.853516 0.302734
11 0.203125 0.412109 0.164062 0.011719
0 0.407227 0.474609 0.126953 0.089844
15 0.394531 0.385742 0.152344 0.083984
9 0.664062 0.002930 0.164062 0.005859
12 0.528320 0.298828 0.087891 0.089844
23 0.049805 0.282227 0.099609 0.052734
1 0.488281 0.526367 0.195312 0.009766
2 0.540039 0.574219 0.376953 0.042969