14 0.099609 0.653320 0.199219 0.091797
16 0.299805 0.664062 0.599609 0.109375
17 0.340820 0.856445 0.681641 0.283203
6 0.784180 0.666992 0.427734 0.111328
5 0.799805 0.859375 0.396484 0.277344
7 0.096680 0.025391 0.193359 0.050781
4 0.365234 0.024414 0.417969 0.048828
8 0.783203 0.021484 0.421875 0.042969
11 0.545898 0.487305 0.158203 0.076172
13 0.539062 0.486328 0.144531 0.085938
0 0.545898 0.400391 0.158203 0.082031
15 0.374023 0.400391 0.158203 0.082031
22 0.978516 0.018555 0.039062 0.037109
23 0.546875 0.314453 0.160156 0.085938
1 0.267578 0.536133 0.207031 0.009766
20 0.200195 0.552734 0.291016 0.023438
3 0.427734 0.553711 0.253906 0.021484
2 0.645508 0.536133 0.197266 0.009766