14 0.551758 0.442383 0.068359 0.005859
15 0.435547 0.443359 0.171875 0.007812
16 0.554688 0.453125 0.062500 0.011719
5 0.441406 0.453125 0.179688 0.011719
17 0.678711 0.470703 0.287109 0.019531
6 0.477539 0.471680 0.142578 0.021484
7 0.611328 0.192383 0.187500 0.037109
4 0.432617 0.191406 0.181641 0.039062
8 0.633789 0.142578 0.216797 0.058594
9 0.423828 0.142578 0.222656 0.058594
11 0.396484 0.059570 0.316406 0.103516
12 0.504883 0.398438 0.095703 0.042969
0 0.775391 0.503906 0.445312 0.042969
23 0.485352 0.833008 0.970703 0.330078