16 0.049805 0.490234 0.099609 0.035156
6 0.692383 0.450195 0.083984 0.013672
5 0.038086 0.451172 0.033203 0.015625
7 0.065430 0.723633 0.130859 0.048828
4 0.032227 0.770508 0.064453 0.041016
8 0.429688 0.690430 0.718750 0.115234
11 0.499023 0.871094 0.998047 0.253906
0 0.895508 0.823242 0.205078 0.162109
15 0.377930 0.427734 0.158203 0.062500
9 0.578125 0.449219 0.113281 0.011719
12 0.126953 0.018555 0.253906 0.037109
23 0.824219 0.023438 0.347656 0.046875
24 0.198242 0.346680 0.162109 0.052734
1 0.553711 0.328125 0.162109 0.050781
3 0.806641 0.577148 0.105469 0.021484
2 0.007812 0.598633 0.015625 0.001953