14 0.555664 0.474609 0.068359 0.007812
15 0.474609 0.474609 0.101562 0.007812
16 0.559570 0.486328 0.060547 0.011719
5 0.446289 0.486328 0.181641 0.011719
17 0.686523 0.503906 0.291016 0.019531
6 0.482422 0.503906 0.144531 0.019531
7 0.614258 0.227539 0.185547 0.037109
4 0.438477 0.227539 0.177734 0.037109
8 0.636719 0.179688 0.214844 0.054688
9 0.428711 0.178711 0.216797 0.056641
11 0.402344 0.100586 0.308594 0.099609
12 0.508789 0.431641 0.095703 0.042969
0 0.778320 0.537109 0.439453 0.042969
23 0.474609 0.849609 0.949219 0.296875