14 0.146484 0.597656 0.019531 0.003906
15 0.028320 0.361328 0.056641 0.042969
16 0.997070 0.032227 0.001953 0.001953
5 0.499023 0.838867 0.998047 0.318359
17 0.119141 0.634766 0.238281 0.066406
7 0.916992 0.757812 0.115234 0.160156
4 0.794922 0.639648 0.367188 0.076172
8 0.145508 0.022461 0.044922 0.044922
9 0.444336 0.023438 0.353516 0.046875
11 0.902344 0.321289 0.191406 0.173828
0 0.613281 0.138672 0.367188 0.183594
1 0.243164 0.320312 0.369141 0.175781
2 0.292969 0.138672 0.269531 0.183594
3 0.901367 0.506836 0.193359 0.166016