14 0.448242 0.521484 0.189453 0.011719
15 0.463867 0.538086 0.220703 0.021484
16 0.160156 0.537109 0.023438 0.003906
5 0.476562 0.572266 0.300781 0.046875
17 0.431641 0.206055 0.230469 0.064453
6 0.299805 0.205078 0.087891 0.062500
7 0.417969 0.120117 0.320312 0.111328
4 0.237305 0.117188 0.119141 0.109375
8 0.410156 0.035156 0.371094 0.066406
9 0.197266 0.032227 0.113281 0.060547
11 0.391602 0.467773 0.107422 0.056641
0 0.499023 0.879883 0.998047 0.236328
1 0.253906 0.386719 0.011719 0.003906
2 0.799805 0.366211 0.037109 0.037109
19 0.790039 0.529297 0.021484 0.003906