14 0.240234 0.850586 0.480469 0.294922
15 0.658203 0.854492 0.679688 0.287109
16 0.819336 0.590820 0.017578 0.001953
5 0.811523 0.595703 0.001953 0.003906
17 0.785156 0.469727 0.003906 0.001953
7 0.259766 0.674805 0.519531 0.068359
4 0.646484 0.677734 0.328125 0.074219
8 0.502930 0.625977 0.064453 0.025391
9 0.616211 0.626953 0.185547 0.027344
10 0.522461 0.604492 0.044922 0.013672
11 0.599609 0.604492 0.121094 0.013672
12 0.312500 0.061523 0.414062 0.091797
0 0.396484 0.166016 0.277344 0.136719
1 0.702148 0.155273 0.361328 0.146484
23 0.939453 0.040039 0.082031 0.080078
24 0.916016 0.256836 0.015625 0.013672