14 0.923828 0.637695 0.113281 0.041016
16 0.920898 0.066406 0.154297 0.132812
17 0.057617 0.476562 0.115234 0.015625
6 0.056641 0.358398 0.113281 0.052734
5 0.960938 0.390625 0.074219 0.078125
7 0.776367 0.814453 0.443359 0.265625
4 0.754883 0.648438 0.451172 0.062500
8 0.305664 0.816406 0.611328 0.269531
11 0.332031 0.648438 0.390625 0.062500
0 0.780273 0.395508 0.236328 0.091797
15 0.520508 0.399414 0.240234 0.099609
19 0.778320 0.509766 0.236328 0.078125
24 0.519531 0.499023 0.238281 0.056641
20 0.892578 0.159180 0.203125 0.048828
21 0.680664 0.159180 0.318359 0.048828