14 0.101562 0.420898 0.117188 0.017578
15 0.140625 0.479492 0.199219 0.158203
16 0.101562 0.369141 0.121094 0.078125
5 0.004883 0.343750 0.009766 0.050781
17 0.499023 0.858398 0.998047 0.279297
7 0.389648 0.658203 0.755859 0.117188
4 0.240234 0.566406 0.054688 0.011719
8 0.500000 0.579102 0.261719 0.037109
9 0.941406 0.784180 0.113281 0.064453
11 0.744141 0.579102 0.296875 0.037109
0 0.714844 0.062500 0.242188 0.125000
1 0.869141 0.339844 0.257812 0.136719
2 0.762695 0.198242 0.041016 0.142578
3 0.593750 0.339844 0.281250 0.136719