14 0.590820 0.553711 0.064453 0.005859
15 0.506836 0.553711 0.111328 0.005859
16 0.588867 0.562500 0.048828 0.007812
5 0.512695 0.562500 0.115234 0.007812
17 0.730469 0.577148 0.316406 0.017578
7 0.628906 0.304688 0.140625 0.039062
4 0.473633 0.306641 0.177734 0.039062
8 0.682617 0.253906 0.236328 0.062500
9 0.458008 0.256836 0.224609 0.060547
11 0.461914 0.174805 0.244141 0.103516
12 0.548828 0.513672 0.097656 0.042969
0 0.791992 0.604492 0.412109 0.037109
23 0.454102 0.877930 0.908203 0.240234
18 0.210938 0.581055 0.039062 0.005859