14 0.444336 0.489258 0.044922 0.091797
15 0.492188 0.489258 0.062500 0.103516
16 0.452148 0.387695 0.033203 0.095703
5 0.397461 0.441406 0.021484 0.015625
17 0.447266 0.288086 0.042969 0.099609
6 0.264648 0.023438 0.025391 0.046875
7 0.336914 0.126953 0.033203 0.203125
4 0.401367 0.231445 0.013672 0.123047
8 0.464844 0.837891 0.929688 0.320312
9 0.838867 0.838867 0.318359 0.318359
11 0.702148 0.636719 0.181641 0.085938
12 0.524414 0.576172 0.166016 0.031250
13 0.748047 0.576172 0.328125 0.031250
0 0.523438 0.550781 0.117188 0.015625