14 0.222656 0.865234 0.445312 0.265625
15 0.587891 0.433594 0.121094 0.109375
16 0.588867 0.434570 0.123047 0.123047
5 0.579102 0.313477 0.103516 0.115234
17 0.284180 0.302734 0.208984 0.089844
6 0.250977 0.647461 0.478516 0.173828
7 0.089844 0.534180 0.156250 0.037109
4 0.256836 0.538086 0.490234 0.044922
8 0.187500 0.504883 0.128906 0.017578
9 0.349609 0.505859 0.316406 0.019531
10 0.145508 0.008789 0.021484 0.017578
11 0.329102 0.008789 0.345703 0.017578
12 0.204102 0.077148 0.103516 0.115234
0 0.689453 0.867188 0.617188 0.261719