14 0.608398 0.541016 0.201172 0.015625
15 0.586914 0.565430 0.154297 0.029297
16 0.964844 0.599609 0.066406 0.023438
5 0.754883 0.621094 0.486328 0.078125
17 0.844727 0.192383 0.267578 0.072266
6 0.637695 0.192383 0.259766 0.072266
7 0.887695 0.084961 0.220703 0.138672
4 0.699219 0.084961 0.378906 0.138672
8 0.916016 0.006836 0.046875 0.013672
9 0.721680 0.006836 0.361328 0.013672
11 0.623047 0.477539 0.117188 0.060547
0 0.434570 0.541016 0.146484 0.015625
23 0.466797 0.477539 0.054688 0.060547
18 0.299805 0.473633 0.060547 0.150391