14 0.699219 0.601562 0.332031 0.035156
15 0.352539 0.602539 0.400391 0.037109
16 0.741211 0.671875 0.369141 0.101562
5 0.323242 0.673828 0.595703 0.105469
17 0.810547 0.860352 0.375000 0.275391
6 0.399414 0.861328 0.798828 0.273438
7 0.723633 0.095703 0.380859 0.152344
4 0.353516 0.092773 0.402344 0.158203
8 0.743164 0.010742 0.373047 0.021484
9 0.349609 0.008789 0.414062 0.017578
11 0.506836 0.507812 0.138672 0.070312
12 0.170898 0.603516 0.158203 0.035156
0 0.314453 0.508789 0.078125 0.064453
23 0.006836 0.100586 0.013672 0.025391