14 0.921875 0.577148 0.152344 0.029297
15 0.911133 0.597656 0.130859 0.007812
16 0.453125 0.325195 0.359375 0.173828
5 0.209961 0.833008 0.419922 0.330078
17 0.632812 0.833008 0.730469 0.330078
7 0.583984 0.634766 0.324219 0.062500
4 0.357422 0.028320 0.187500 0.056641
8 0.650391 0.029297 0.406250 0.058594
9 0.919922 0.617188 0.113281 0.027344
10 0.906250 0.029297 0.183594 0.058594
11 0.861328 0.083008 0.039062 0.044922
12 0.452148 0.147461 0.357422 0.177734
0 0.011719 0.031250 0.023438 0.023438