14 0.919922 0.520508 0.156250 0.009766
15 0.590820 0.520508 0.111328 0.009766
16 0.919922 0.538086 0.156250 0.021484
5 0.700195 0.539062 0.322266 0.023438
17 0.934570 0.563477 0.126953 0.025391
6 0.745117 0.582031 0.505859 0.062500
7 0.603516 0.164062 0.230469 0.082031
4 0.659180 0.061523 0.341797 0.123047
8 0.605469 0.465820 0.117188 0.052734
9 0.605469 0.465820 0.117188 0.060547
11 0.336914 0.324219 0.029297 0.140625
0 0.389648 0.592773 0.201172 0.041016
23 0.328125 0.393555 0.007812 0.005859
18 0.097656 0.387695 0.195312 0.306641