14 0.940430 0.148438 0.115234 0.089844
16 0.067383 0.557617 0.134766 0.130859
17 0.063477 0.556641 0.126953 0.148438
6 0.070312 0.414062 0.140625 0.140625
5 0.968750 0.432617 0.058594 0.111328
7 0.865234 0.801758 0.265625 0.208984
4 0.866211 0.666016 0.037109 0.058594
8 0.499023 0.841797 0.998047 0.230469
11 0.402344 0.671875 0.316406 0.062500
0 0.136719 0.676758 0.273438 0.068359
15 0.806641 0.429688 0.218750 0.113281
9 0.559570 0.424805 0.232422 0.123047
12 0.299805 0.421875 0.248047 0.125000
23 0.793945 0.094727 0.408203 0.189453