14 0.543945 0.496094 0.021484 0.050781
15 0.528320 0.495117 0.052734 0.056641
16 0.694336 0.498047 0.056641 0.136719
5 0.668945 0.434570 0.009766 0.001953
17 0.543945 0.438477 0.021484 0.052734
6 0.694336 0.270508 0.056641 0.064453
7 0.634766 0.378906 0.027344 0.125000
8 0.543945 0.383789 0.021484 0.052734
9 0.694336 0.194336 0.056641 0.201172
11 0.836914 0.102539 0.169922 0.205078
12 0.003906 0.357422 0.007812 0.003906
13 0.134766 0.382812 0.109375 0.054688
0 0.552734 0.552734 0.164062 0.011719
1 0.432617 0.552734 0.076172 0.011719
2 0.561523 0.572266 0.189453 0.023438
22 0.570312 0.612305 0.222656 0.052734