14 0.242188 0.521484 0.167969 0.136719
16 0.243164 0.520508 0.166016 0.154297
17 0.240234 0.370117 0.171875 0.150391
6 0.033203 0.325195 0.066406 0.216797
5 0.885742 0.619141 0.146484 0.007812
7 0.674805 0.815430 0.646484 0.271484
4 0.626953 0.646484 0.378906 0.062500
8 0.217773 0.814453 0.435547 0.269531
11 0.227539 0.640625 0.455078 0.074219
0 0.729492 0.375977 0.240234 0.111328
15 0.466797 0.382812 0.242188 0.125000
9 0.891602 0.062500 0.212891 0.125000
12 0.661133 0.059570 0.431641 0.119141
23 0.286133 0.590820 0.263672 0.021484
10 0.935547 0.481445 0.125000 0.029297