14 0.937500 0.388672 0.113281 0.085938
15 0.067383 0.302734 0.130859 0.156250
16 0.168945 0.473633 0.017578 0.072266
5 0.165039 0.303711 0.013672 0.005859
17 0.961914 0.068359 0.072266 0.050781
6 0.917969 0.144531 0.160156 0.097656
7 0.913086 0.223633 0.169922 0.056641
4 0.974609 0.235352 0.046875 0.033203
8 0.918945 0.298828 0.158203 0.089844
9 0.067383 0.167969 0.130859 0.234375
11 0.499023 0.904297 0.998047 0.187500
12 0.072266 0.664062 0.144531 0.082031
13 0.423828 0.717773 0.847656 0.189453
0 0.097656 0.594727 0.195312 0.052734
1 0.500977 0.594727 0.302734 0.052734
2 0.194336 0.562500 0.060547 0.007812
3 0.507812 0.554688 0.183594 0.023438