14 0.019531 0.617188 0.039062 0.011719
16 0.201172 0.666992 0.402344 0.111328
17 0.156250 0.859375 0.312500 0.277344
6 0.580078 0.668945 0.531250 0.111328
5 0.542969 0.861328 0.910156 0.273438
7 0.013672 0.041016 0.027344 0.023438
4 0.200195 0.026367 0.400391 0.052734
8 0.598633 0.023438 0.419922 0.046875
11 0.461914 0.490234 0.142578 0.078125
0 0.461914 0.404297 0.142578 0.082031
15 0.297852 0.404297 0.154297 0.082031
22 0.789062 0.411133 0.062500 0.001953
23 0.958008 0.465820 0.080078 0.013672
19 0.884766 0.020508 0.195312 0.041016
1 0.296875 0.319336 0.156250 0.083984
20 0.643555 0.317383 0.162109 0.087891
21 0.958008 0.315430 0.080078 0.087891
3 0.184570 0.539062 0.216797 0.007812
2 0.130859 0.555664 0.261719 0.021484