14 0.674805 0.484375 0.044922 0.082031
16 0.681641 0.485352 0.058594 0.095703
17 0.027344 0.461914 0.050781 0.037109
6 0.654297 0.392578 0.089844 0.089844
7 0.333008 0.664062 0.666016 0.117188
4 0.450195 0.857422 0.900391 0.281250
8 0.788086 0.658203 0.419922 0.113281
11 0.833984 0.855469 0.328125 0.285156
0 0.480469 0.462891 0.097656 0.035156
9 0.512695 0.422852 0.162109 0.013672
12 0.484375 0.001953 0.187500 0.003906
23 0.654297 0.306641 0.089844 0.089844
24 0.513672 0.297852 0.164062 0.052734
1 0.685547 0.533203 0.066406 0.007812
3 0.396484 0.586914 0.355469 0.037109
2 0.748047 0.582031 0.402344 0.042969