14 0.211914 0.890625 0.423828 0.214844
15 0.663086 0.893555 0.669922 0.208984
16 0.910156 0.531250 0.109375 0.027344
5 0.908203 0.545898 0.105469 0.009766
17 0.882812 0.369141 0.105469 0.042969
7 0.253906 0.696289 0.507812 0.181641
4 0.712891 0.706055 0.570312 0.193359
8 0.481445 0.586914 0.091797 0.041016
9 0.705078 0.588867 0.390625 0.044922
10 0.504883 0.554688 0.064453 0.019531
11 0.696289 0.556641 0.330078 0.019531
12 0.405273 0.041992 0.244141 0.072266
0 0.429688 0.131836 0.214844 0.115234
23 0.849609 0.120117 0.132812 0.119141