14 0.073242 0.679688 0.146484 0.050781
16 0.271484 0.716797 0.542969 0.125000
17 0.270508 0.884766 0.541016 0.226562
6 0.770508 0.721680 0.455078 0.126953
5 0.769531 0.889648 0.457031 0.216797
7 0.076172 0.036133 0.152344 0.072266
4 0.317383 0.034180 0.447266 0.068359
8 0.766602 0.028320 0.447266 0.056641
11 0.544922 0.534180 0.164062 0.080078
13 0.536133 0.533203 0.150391 0.089844
0 0.544922 0.444336 0.164062 0.083984
15 0.367188 0.444336 0.160156 0.083984
22 0.544922 0.356445 0.164062 0.087891
23 0.368164 0.358398 0.158203 0.087891
1 0.441406 0.583984 0.203125 0.007812
3 0.647461 0.600586 0.205078 0.021484
2 0.753906 0.585938 0.031250 0.007812