14 0.583008 0.495117 0.025391 0.056641
15 0.565430 0.495117 0.060547 0.064453
16 0.103516 0.470703 0.062500 0.003906
5 0.102539 0.465820 0.064453 0.001953
17 0.821289 0.512695 0.123047 0.236328
6 0.809570 0.523438 0.126953 0.246094
7 0.583008 0.431641 0.025391 0.058594
4 0.822266 0.190430 0.125000 0.189453
8 0.708984 0.342773 0.046875 0.169922
11 0.821289 0.112305 0.126953 0.224609
12 0.708984 0.217773 0.046875 0.177734
13 0.962891 0.008789 0.019531 0.017578
22 0.641602 0.599609 0.302734 0.042969