14 0.595703 0.443359 0.160156 0.144531
15 0.595703 0.440430 0.160156 0.166016
16 0.595703 0.298828 0.160156 0.140625
5 0.305664 0.297852 0.072266 0.142578
17 0.231445 0.825195 0.462891 0.345703
6 0.018555 0.557617 0.037109 0.005859
7 0.242188 0.602539 0.484375 0.095703
4 0.021484 0.539062 0.042969 0.027344
8 0.266602 0.540039 0.447266 0.029297
9 0.330078 0.043945 0.320312 0.056641
10 0.695312 0.825195 0.605469 0.345703
11 0.616211 0.604492 0.298828 0.095703
12 0.559570 0.540039 0.146484 0.029297
0 0.744141 0.408203 0.085938 0.191406
23 0.024414 0.498047 0.048828 0.035156