14 0.553711 0.495117 0.029297 0.060547
15 0.535156 0.494141 0.066406 0.070312
16 0.893555 0.507812 0.208984 0.343750
5 0.868164 0.509766 0.189453 0.347656
17 0.553711 0.426758 0.029297 0.064453
6 0.855469 0.185547 0.132812 0.371094
7 0.716797 0.300781 0.074219 0.226562
4 0.553711 0.359375 0.029297 0.066406
8 0.855469 0.072266 0.128906 0.144531
11 0.314453 0.579102 0.289062 0.029297
12 0.661133 0.632812 0.455078 0.074219
13 0.278320 0.632812 0.345703 0.074219
0 0.670898 0.833984 0.654297 0.328125
22 0.591797 0.019531 0.281250 0.039062