14 0.487305 0.505859 0.083984 0.082031
16 0.490234 0.507812 0.089844 0.093750
17 0.487305 0.416016 0.083984 0.085938
6 0.855469 0.200195 0.285156 0.400391
5 0.127930 0.686523 0.255859 0.115234
7 0.058594 0.792969 0.117188 0.097656
4 0.468750 0.682617 0.695312 0.119141
8 0.499023 0.862305 0.998047 0.271484
11 0.171875 0.408203 0.156250 0.070312
0 0.348633 0.505859 0.166016 0.089844
15 0.348633 0.416016 0.166016 0.085938
9 0.127930 0.013672 0.255859 0.027344
12 0.458984 0.022461 0.425781 0.044922
1 0.276367 0.572266 0.119141 0.019531
2 0.451172 0.604492 0.382812 0.044922