14 0.942383 0.535156 0.111328 0.023438
15 0.912109 0.531250 0.070312 0.019531
16 0.937500 0.570312 0.121094 0.054688
5 0.688477 0.548828 0.376953 0.011719
17 0.861328 0.679688 0.273438 0.179688
6 0.375977 0.595703 0.248047 0.082031
7 0.946289 0.074219 0.103516 0.125000
4 0.797852 0.099609 0.318359 0.117188
8 0.933594 0.019531 0.128906 0.039062
9 0.793945 0.037109 0.193359 0.074219
11 0.979492 0.458008 0.037109 0.072266
0 0.535156 0.849609 0.925781 0.296875
23 0.478516 0.273438 0.117188 0.035156
19 0.828125 0.346680 0.019531 0.017578
20 0.981445 0.314453 0.033203 0.074219
21 0.980469 0.384766 0.035156 0.070312