14 0.935547 0.730469 0.125000 0.097656
16 0.801758 0.641602 0.142578 0.048828
17 0.857422 0.067383 0.281250 0.134766
6 0.004883 0.475586 0.009766 0.013672
5 0.003906 0.357422 0.007812 0.050781
7 0.908203 0.400391 0.179688 0.097656
4 0.583984 0.814453 0.828125 0.265625
8 0.579102 0.648438 0.369141 0.062500
11 0.161133 0.814453 0.322266 0.265625
0 0.027344 0.625977 0.054688 0.017578
15 0.674805 0.398438 0.240234 0.097656
19 0.450195 0.584961 0.068359 0.001953
1 0.907227 0.494141 0.181641 0.050781
20 0.673828 0.484375 0.238281 0.027344
21 0.415039 0.523438 0.240234 0.105469