14 0.413086 0.497070 0.056641 0.111328
15 0.448242 0.498047 0.119141 0.125000
16 0.424805 0.375977 0.037109 0.115234
5 0.347656 0.438477 0.039062 0.017578
17 0.416016 0.257812 0.054688 0.117188
6 0.256836 0.071289 0.083984 0.142578
7 0.351562 0.219727 0.027344 0.068359
4 0.465820 0.970703 0.896484 0.054688
8 0.935547 0.971680 0.125000 0.052734
9 0.436523 0.798828 0.865234 0.289062
11 0.502930 0.621094 0.263672 0.062500
12 0.792969 0.621094 0.410156 0.062500
0 0.727539 0.575195 0.326172 0.025391
1 0.470703 0.044922 0.257812 0.070312