14 0.363281 0.521484 0.148438 0.136719
16 0.364258 0.520508 0.146484 0.154297
17 0.362305 0.370117 0.150391 0.150391
6 0.125977 0.252930 0.212891 0.357422
5 0.972656 0.623047 0.050781 0.015625
7 0.843750 0.833008 0.308594 0.232422
4 0.796875 0.640625 0.402344 0.074219
8 0.421875 0.814453 0.843750 0.269531
11 0.401367 0.640625 0.470703 0.074219
0 0.841797 0.354492 0.238281 0.052734
15 0.579102 0.382812 0.240234 0.125000
9 0.960938 0.093750 0.074219 0.054688
12 0.797852 0.063477 0.400391 0.126953
23 0.613281 0.595703 0.054688 0.011719
10 0.440430 0.590820 0.306641 0.021484