14 0.712891 0.605469 0.367188 0.039062
15 0.345703 0.605469 0.414062 0.039062
16 0.761719 0.680664 0.410156 0.111328
5 0.312500 0.684570 0.625000 0.115234
17 0.812500 0.867188 0.371094 0.261719
6 0.395508 0.868164 0.791016 0.259766
7 0.712891 0.083984 0.367188 0.164062
4 0.345703 0.082031 0.414062 0.164062
8 0.742188 0.002930 0.375000 0.005859
11 0.503906 0.508789 0.140625 0.072266
12 0.140625 0.606445 0.199219 0.037109
0 0.308594 0.509766 0.078125 0.066406
23 0.308594 0.364258 0.078125 0.072266