14 0.104492 0.662109 0.208984 0.097656
16 0.296875 0.669922 0.593750 0.113281
17 0.360352 0.861328 0.720703 0.273438
6 0.100586 0.024414 0.201172 0.048828
5 0.375977 0.023438 0.416016 0.046875
7 0.378906 0.482422 0.156250 0.062500
4 0.345703 0.449219 0.093750 0.003906
8 0.365234 0.428711 0.128906 0.033203
11 0.208008 0.404297 0.154297 0.082031
0 0.816406 0.864258 0.363281 0.267578
15 0.709961 0.392578 0.126953 0.062500
9 0.899414 0.476562 0.154297 0.042969
22 0.791016 0.020508 0.414062 0.041016
23 0.987305 0.024414 0.021484 0.021484
19 0.205078 0.319336 0.152344 0.083984
24 0.543945 0.311523 0.146484 0.072266
1 0.902344 0.315430 0.156250 0.087891
20 0.101562 0.539062 0.203125 0.007812
21 0.078125 0.555664 0.156250 0.021484
3 0.211914 0.540039 0.087891 0.009766
2 0.157227 0.556641 0.197266 0.023438