14 0.923828 0.778320 0.148438 0.068359
16 0.723633 0.920898 0.548828 0.154297
17 0.736328 0.793945 0.523438 0.103516
6 0.236328 0.920898 0.472656 0.154297
5 0.345703 0.791992 0.289062 0.099609
7 0.912109 0.129883 0.171875 0.201172
4 0.737305 0.006836 0.521484 0.013672
8 0.738281 0.121094 0.519531 0.222656
11 0.238281 0.009766 0.476562 0.019531
0 0.497070 0.498047 0.259766 0.132812
15 0.778320 0.498047 0.263672 0.132812
23 0.891602 0.728516 0.212891 0.027344
1 0.783203 0.639648 0.269531 0.146484
20 0.497070 0.640625 0.263672 0.128906