14 0.593750 0.525391 0.062500 0.003906
15 0.509766 0.525391 0.105469 0.003906
16 0.590820 0.534180 0.048828 0.009766
5 0.514648 0.534180 0.115234 0.009766
17 0.730469 0.548828 0.308594 0.015625
7 0.631836 0.275391 0.142578 0.039062
4 0.475586 0.277344 0.177734 0.039062
8 0.686523 0.223633 0.240234 0.064453
9 0.458984 0.226562 0.226562 0.062500
11 0.463867 0.141602 0.248047 0.107422
12 0.550781 0.485352 0.097656 0.044922
0 0.793945 0.577148 0.408203 0.037109
23 0.465820 0.863281 0.931641 0.269531
18 0.215820 0.552734 0.037109 0.003906