14 0.959961 0.387695 0.076172 0.087891
15 0.109375 0.306641 0.125000 0.152344
16 0.208008 0.472656 0.017578 0.070312
5 0.204102 0.305664 0.013672 0.005859
17 0.983398 0.074219 0.029297 0.027344
6 0.938477 0.138672 0.119141 0.101562
7 0.933594 0.218750 0.128906 0.058594
8 0.939453 0.294922 0.117188 0.093750
9 0.005859 0.109375 0.011719 0.191406
11 0.226562 0.247070 0.058594 0.123047
12 0.499023 0.900391 0.998047 0.195312
13 0.091797 0.669922 0.183594 0.101562
0 0.443359 0.719727 0.886719 0.197266
1 0.125977 0.592773 0.216797 0.052734
2 0.537109 0.595703 0.304688 0.054688
3 0.233398 0.560547 0.060547 0.007812