14 0.072266 0.021484 0.144531 0.042969
16 0.848633 0.455078 0.095703 0.007812
17 0.856445 0.447266 0.068359 0.003906
6 0.184570 0.483398 0.154297 0.056641
5 0.860352 0.399414 0.076172 0.087891
7 0.182617 0.370117 0.154297 0.013672
4 0.044922 0.404297 0.089844 0.082031
8 0.264648 0.675781 0.529297 0.117188
11 0.266602 0.864258 0.533203 0.267578
0 0.765625 0.867188 0.464844 0.261719
15 0.958984 0.627930 0.078125 0.013672
9 0.539062 0.402344 0.140625 0.082031
12 0.704102 0.492188 0.162109 0.074219
24 0.962891 0.014648 0.070312 0.029297
1 0.851562 0.312500 0.097656 0.089844
20 0.181641 0.318359 0.156250 0.085938
3 0.354492 0.317383 0.158203 0.087891
2 0.706055 0.315430 0.162109 0.087891