14 0.698242 0.315430 0.228516 0.166016
15 0.499023 0.980469 0.998047 0.035156
16 0.512695 0.804688 0.970703 0.320312
5 0.547852 0.613281 0.384766 0.058594
17 0.919922 0.596680 0.156250 0.025391
7 0.890625 0.026367 0.093750 0.052734
4 0.723633 0.142578 0.279297 0.175781
8 0.374023 0.604492 0.056641 0.041016
9 0.293945 0.027344 0.216797 0.054688
11 0.407227 0.142578 0.349609 0.175781
12 0.166992 0.355469 0.107422 0.050781
0 0.436523 0.494141 0.287109 0.160156
23 0.668945 0.491211 0.173828 0.181641