14 0.707031 0.600586 0.347656 0.033203
15 0.355469 0.601562 0.394531 0.035156
16 0.728516 0.666992 0.343750 0.095703
5 0.337891 0.667969 0.554688 0.097656
17 0.808594 0.856445 0.378906 0.283203
6 0.400391 0.857422 0.800781 0.281250
7 0.717773 0.103516 0.373047 0.148438
4 0.355469 0.099609 0.394531 0.152344
8 0.745117 0.015625 0.380859 0.031250
9 0.358398 0.013672 0.400391 0.027344
11 0.506836 0.507812 0.138672 0.070312
12 0.186523 0.600586 0.138672 0.033203
0 0.315430 0.508789 0.076172 0.064453
23 0.010742 0.101562 0.021484 0.031250