14 0.925781 0.640625 0.031250 0.007812
16 0.947266 0.176758 0.101562 0.056641
17 0.081055 0.562500 0.162109 0.136719
6 0.081055 0.560547 0.162109 0.156250
5 0.082031 0.412109 0.164062 0.148438
7 0.970703 0.414062 0.054688 0.062500
4 0.902344 0.773438 0.191406 0.105469
8 0.780273 0.655273 0.322266 0.025391
11 0.526367 0.842773 0.943359 0.271484
0 0.112305 0.850586 0.224609 0.263672
15 0.148438 0.685547 0.296875 0.074219
9 0.809570 0.434570 0.201172 0.115234
12 0.572266 0.428711 0.230469 0.123047
23 0.865234 0.011719 0.265625 0.023438