14 0.573242 0.663086 0.025391 0.056641
15 0.556641 0.662109 0.058594 0.062500
16 0.773438 0.658203 0.093750 0.187500
5 0.750977 0.662109 0.037109 0.187500
17 0.572266 0.600586 0.023438 0.056641
6 0.760742 0.395508 0.083984 0.134766
7 0.682617 0.520508 0.041016 0.150391
4 0.000977 0.587891 0.001953 0.031250
8 0.571289 0.541992 0.025391 0.056641
9 0.755859 0.291016 0.089844 0.257812
11 0.909180 0.142578 0.177734 0.285156
12 0.004883 0.541992 0.009766 0.056641
13 0.132812 0.541992 0.109375 0.056641
0 0.589844 0.728516 0.199219 0.015625
22 0.638672 0.821289 0.347656 0.095703
23 0.259766 0.819336 0.445312 0.095703