14 0.209961 0.876953 0.419922 0.242188
15 0.654297 0.877930 0.687500 0.240234
16 0.836914 0.567383 0.017578 0.001953
5 0.809570 0.421875 0.123047 0.046875
17 0.511719 0.400391 0.210938 0.105469
7 0.661133 0.696289 0.478516 0.130859
4 0.292969 0.608398 0.406250 0.037109
8 0.688477 0.609375 0.416016 0.039062
9 0.480469 0.579102 0.050781 0.017578
10 0.568359 0.579102 0.136719 0.017578
11 0.344727 0.074219 0.302734 0.148438
12 0.690430 0.072266 0.412109 0.144531
0 0.609375 0.190430 0.218750 0.095703
23 0.775391 0.288086 0.054688 0.099609