14 0.103516 0.663086 0.207031 0.099609
16 0.341797 0.667969 0.683594 0.109375
17 0.452148 0.860352 0.904297 0.275391
6 0.798828 0.666992 0.398438 0.107422
5 0.842773 0.860352 0.310547 0.275391
7 0.100586 0.008789 0.201172 0.017578
4 0.397461 0.009766 0.412109 0.019531
8 0.799805 0.010742 0.396484 0.021484
11 0.538086 0.492188 0.162109 0.078125
13 0.531250 0.492188 0.148438 0.089844
0 0.538086 0.404297 0.162109 0.082031
15 0.362305 0.404297 0.162109 0.082031
22 0.997070 0.020508 0.001953 0.001953
23 0.539062 0.317383 0.164062 0.087891
1 0.250977 0.542969 0.216797 0.007812
3 0.429688 0.559570 0.265625 0.021484
2 0.644531 0.542969 0.207031 0.007812