14 0.579102 0.540039 0.142578 0.013672
15 0.580078 0.562500 0.140625 0.027344
16 0.944336 0.600586 0.107422 0.033203
5 0.754883 0.611328 0.486328 0.066406
17 0.843750 0.207031 0.277344 0.066406
6 0.632812 0.207031 0.250000 0.066406
7 0.870117 0.111328 0.216797 0.121094
4 0.685547 0.112305 0.351562 0.123047
8 0.931641 0.024414 0.132812 0.048828
9 0.719727 0.025391 0.365234 0.050781
11 0.621094 0.480469 0.113281 0.058594
0 0.757812 0.811523 0.480469 0.333984
23 0.272461 0.810547 0.544922 0.332031
18 0.467773 0.421875 0.052734 0.054688