14 0.698242 0.558594 0.302734 0.019531
15 0.379883 0.558594 0.365234 0.019531
16 0.708008 0.596680 0.283203 0.052734
5 0.400391 0.597656 0.429688 0.054688
17 0.808594 0.811523 0.378906 0.373047
6 0.484375 0.811523 0.968750 0.373047
7 0.708984 0.082031 0.328125 0.144531
4 0.390625 0.082031 0.347656 0.144531
8 0.710938 0.003906 0.289062 0.007812
9 0.391602 0.003906 0.349609 0.007812
11 0.521484 0.487305 0.136719 0.068359
12 0.230469 0.558594 0.089844 0.019531
0 0.335938 0.487305 0.074219 0.064453
23 0.335938 0.350586 0.074219 0.068359