14 0.573242 0.637695 0.025391 0.056641
15 0.556641 0.636719 0.058594 0.062500
16 0.780273 0.634766 0.099609 0.191406
5 0.777344 0.653320 0.085938 0.216797
17 0.573242 0.575195 0.025391 0.056641
6 0.767578 0.365234 0.089844 0.140625
7 0.684570 0.494141 0.041016 0.152344
8 0.002930 0.575195 0.005859 0.056641
9 0.571289 0.515625 0.025391 0.058594
11 0.680664 0.382812 0.041016 0.152344
12 0.916992 0.125000 0.162109 0.250000
13 0.002930 0.540039 0.005859 0.009766
0 0.136719 0.516602 0.121094 0.056641
22 0.320312 0.730469 0.335938 0.035156