14 0.236328 0.467773 0.011719 0.041016
15 0.236328 0.443359 0.011719 0.003906
16 0.236328 0.425781 0.011719 0.027344
5 0.961914 0.397461 0.072266 0.083984
17 0.940430 0.192383 0.044922 0.052734
7 0.499023 0.864258 0.998047 0.267578
4 0.497070 0.670898 0.509766 0.115234
8 0.228516 0.587891 0.101562 0.031250
9 0.503906 0.591797 0.250000 0.039062
11 0.500000 0.560547 0.167969 0.019531
0 0.752930 0.591797 0.240234 0.039062
1 0.659180 0.560547 0.181641 0.019531
2 0.201172 0.073242 0.210938 0.146484
3 0.428711 0.073242 0.404297 0.146484