14 0.621094 0.547852 0.175781 0.009766
15 0.471680 0.549805 0.130859 0.009766
16 0.583984 0.563477 0.085938 0.017578
5 0.415039 0.563477 0.275391 0.017578
17 0.607422 0.592773 0.101562 0.037109
7 0.634766 0.259766 0.207031 0.050781
4 0.433594 0.259766 0.210938 0.050781
8 0.682617 0.192383 0.283203 0.083984
9 0.414062 0.190430 0.281250 0.083984
11 0.380859 0.074219 0.402344 0.148438
12 0.515625 0.498047 0.105469 0.046875
0 0.910156 0.442383 0.007812 0.001953
23 0.453125 0.859375 0.906250 0.277344
18 0.295898 0.190430 0.056641 0.083984