14 0.205078 0.460938 0.062500 0.042969
15 0.204102 0.435547 0.060547 0.007812
16 0.205078 0.411133 0.062500 0.041016
5 0.991211 0.390625 0.013672 0.082031
17 0.234375 0.305664 0.003906 0.005859
7 0.499023 0.887695 0.998047 0.220703
4 0.110352 0.623047 0.005859 0.003906
8 0.500000 0.698242 0.621094 0.154297
9 0.186523 0.595703 0.142578 0.046875
11 0.254883 0.569336 0.005859 0.001953
0 0.832031 0.595703 0.175781 0.046875
1 0.670898 0.560547 0.189453 0.019531
2 0.199219 0.058594 0.187500 0.117188
3 0.430664 0.058594 0.400391 0.117188