14 0.562500 0.230469 0.027344 0.058594
15 0.545898 0.230469 0.060547 0.066406
16 0.762695 0.215820 0.103516 0.193359
5 0.738281 0.219727 0.058594 0.189453
17 0.564453 0.163086 0.027344 0.064453
6 0.683594 0.078125 0.046875 0.156250
7 0.564453 0.094727 0.027344 0.068359
4 0.677734 0.011719 0.019531 0.023438
8 0.115234 0.094727 0.093750 0.068359
9 0.575195 0.293945 0.189453 0.013672
11 0.591797 0.316406 0.238281 0.027344
12 0.291016 0.316406 0.371094 0.027344
13 0.607422 0.368164 0.300781 0.072266
0 0.235352 0.368164 0.470703 0.072266
22 0.169922 0.969727 0.339844 0.056641
23 0.211914 0.297852 0.017578 0.005859