14 0.071289 0.576172 0.142578 0.015625
15 0.088867 0.595703 0.177734 0.027344
16 0.117188 0.633789 0.234375 0.060547
5 0.073242 0.228516 0.146484 0.082031
17 0.091797 0.138672 0.183594 0.140625
6 0.110352 0.052734 0.220703 0.105469
7 0.011719 0.516602 0.023438 0.056641
4 0.011719 0.516602 0.023438 0.064453
8 0.400391 0.449219 0.027344 0.019531
9 0.223633 0.757812 0.447266 0.214844
11 0.402344 0.420898 0.031250 0.033203
0 0.359375 0.569336 0.011719 0.001953
1 0.398438 0.576172 0.023438 0.003906
2 0.246094 0.572266 0.238281 0.015625