14 0.786133 0.537109 0.044922 0.027344
15 0.770508 0.555664 0.013672 0.005859
16 0.838867 0.344727 0.017578 0.005859
5 0.420898 0.318359 0.314453 0.152344
17 0.165039 0.881836 0.330078 0.232422
7 0.273438 0.685547 0.253906 0.160156
4 0.628906 0.683594 0.593750 0.160156
8 0.366211 0.582031 0.107422 0.042969
9 0.494141 0.582031 0.179688 0.042969
10 0.293945 0.046875 0.251953 0.066406
11 0.597656 0.053711 0.363281 0.068359
12 0.792969 0.057617 0.109375 0.060547
0 0.420898 0.161133 0.314453 0.162109