14 0.184570 0.827148 0.369141 0.341797
15 0.531250 0.827148 0.933594 0.341797
16 0.751953 0.532227 0.015625 0.001953
5 0.511719 0.391602 0.195312 0.095703
17 0.398438 0.610352 0.093750 0.044922
7 0.431641 0.574219 0.031250 0.023438
4 0.586914 0.573242 0.138672 0.025391
8 0.481445 0.547852 0.048828 0.001953
9 0.562500 0.552734 0.113281 0.011719
10 0.291016 0.016602 0.351562 0.033203
11 0.644531 0.010742 0.359375 0.021484
12 0.320312 0.097656 0.347656 0.148438
0 0.388672 0.207031 0.238281 0.078125
1 0.610352 0.202148 0.228516 0.080078
2 0.970703 0.058594 0.054688 0.058594
3 0.782227 0.195312 0.076172 0.011719
23 0.996094 0.087891 0.003906 0.007812
19 0.002930 0.086914 0.005859 0.005859
20 0.344727 0.406250 0.126953 0.070312
21 0.356445 0.288086 0.107422 0.083984