14 0.836914 0.545898 0.080078 0.029297
15 0.818359 0.565430 0.039062 0.005859
16 0.917969 0.328125 0.019531 0.007812
5 0.442383 0.318359 0.326172 0.160156
17 0.161133 0.910156 0.322266 0.175781
7 0.270508 0.720703 0.294922 0.203125
4 0.661133 0.719727 0.673828 0.201172
8 0.381836 0.594727 0.119141 0.044922
9 0.520508 0.593750 0.197266 0.046875
10 0.308594 0.037109 0.265625 0.070312
11 0.620117 0.039062 0.365234 0.070312
12 0.830078 0.572266 0.015625 0.003906
0 0.814453 0.154297 0.031250 0.152344