14 0.962891 0.731445 0.070312 0.041016
16 0.839844 0.617188 0.156250 0.003906
17 0.872070 0.062500 0.251953 0.125000
6 0.017578 0.472656 0.035156 0.015625
5 0.016602 0.354492 0.033203 0.052734
7 0.922852 0.393555 0.150391 0.099609
4 0.610352 0.818359 0.775391 0.277344
8 0.612305 0.647461 0.384766 0.064453
11 0.179688 0.816406 0.359375 0.273438
0 0.038086 0.627930 0.076172 0.025391
15 0.701172 0.392578 0.242188 0.097656
19 0.520508 0.582031 0.005859 0.003906
20 0.701172 0.502930 0.242188 0.072266
21 0.440430 0.519531 0.240234 0.105469